rawData/offShoreCTD/Station_46.cnv
* Sea-Bird SBE 19plus V2 Data File:
* FileName = C:\Data\CTD\2024\SOES3018 Plymouth\Station_46.hex
* Software Version Seasave V 7.26.7.121
* Temperature SN = 7086
* Conductivity SN = 7086
* System UpLoad Time = Jul 05 2024 08:41:25
* NMEA Latitude = 50 19.69 N
* NMEA Longitude = 004 11.20 W
* NMEA UTC (Time) = Jul 05 2024  08:40:34
** Ship: Callista
** Station: 46
** Operator: Edan
# nquan = 11
# nvalues = 552                                   
# units = specified
# name 0 = prDM: Pressure, Digiquartz [db]
# name 1 = tv290C: Temperature [ITS-90, deg C]
# name 2 = c0mS/cm: Conductivity [mS/cm]
# name 3 = sal00: Salinity, Practical [PSU]
# name 4 = flECO-AFL: Fluorescence, WET Labs ECO-AFL/FL [mg/m^3]
# name 5 = par: PAR/Irradiance, Biospherical/Licor [umol photons/m^2/sec]
# name 6 = turbWETntu0: Turbidity, WET Labs ECO [NTU]
# name 7 = scan: Scan Count
# name 8 = density00: Density [density, kg/m^3]
# name 9 = cdomflTC0: CDOM, Turner Cyclops [ppb QS]
# name 10 = flag:  0.000e+00
# span 0 =      1.391,     11.568                 
# span 1 =    14.5786,    15.0299                 
# span 2 =  42.534073,  42.975191                 
# span 3 =    34.8936,    35.0793                 
# span 4 =     0.0578,     0.1762                 
# span 5 = 1.0158e+02, 1.2556e+03                 
# span 6 =     0.2987,     0.9020                 
# span 7 =          1,        552                 
# span 8 =  1025.9054,  1026.1710                 
# span 9 =     0.0423,     0.0582                 
# span 10 = 0.0000e+00, 0.0000e+00                
# interval = seconds: 0.5
# start_time = Jul 05 2024 08:40:35 [NMEA time, first data scan]
# bad_flag = -9.990e-29
*END*
[from data line 263]
     11.412    14.5931  42.549422    35.0243     0.0703 1.0784e+02     0.3165        264  1026.1301     0.0442  0.000e+00
     11.399    14.5954  42.546930    35.0199     0.0705 1.0881e+02     0.3180        265  1026.1262     0.0443  0.000e+00
     11.394    14.5986  42.546930    35.0170     0.0701 1.0944e+02     0.3155        266  1026.1232     0.0440  0.000e+00
     11.393    14.5996  42.549152    35.0182     0.0697 1.0962e+02     0.3142        267  1026.1239     0.0464  0.000e+00
     11.387    14.5996  42.549892    35.0188     0.0703 1.0942e+02     0.3153        268  1026.1244     0.0459  0.000e+00
     11.387    14.5989  42.549421    35.0191     0.0706 1.0850e+02     0.3165        269  1026.1247     0.0464  0.000e+00
     11.399    14.5964  42.548411    35.0204     0.0697 1.0769e+02     0.3156        270  1026.1263     0.0467  0.000e+00
     11.418    14.5950  42.549691    35.0229     0.0694 1.0801e+02     0.3141        271  1026.1286     0.0469  0.000e+00
     11.399    14.5950  42.547671    35.0209     0.0702 1.1031e+02     0.3124        272  1026.1270     0.0464  0.000e+00
     11.387    14.5976  42.548411    35.0193     0.0717 1.1239e+02     0.3111        273  1026.1251     0.0467  0.000e+00
     11.374    14.5990  42.549623    35.0192     0.0705 1.1372e+02     0.3117        274  1026.1247     0.0449  0.000e+00
     11.362    14.5996  42.548411    35.0176     0.0690 1.1182e+02     0.3124        275  1026.1233     0.0446  0.000e+00
     11.380    14.5996  42.547132    35.0163     0.0696 1.0891e+02     0.3156        276  1026.1224     0.0449  0.000e+00
     11.443    14.5996  42.547738    35.0169     0.0694 1.0659e+02     0.3175        277  1026.1231     0.0455  0.000e+00
     11.506    14.5995  42.548883    35.0180     0.0698 1.0605e+02     0.3153        278  1026.1243     0.0455  0.000e+00
     11.518    14.5999  42.549691    35.0183     0.0706 1.0628e+02     0.3132        279  1026.1245     0.0461  0.000e+00
     11.493    14.6014  42.549084    35.0165     0.0708 1.0763e+02     0.3111        280  1026.1226     0.0450  0.000e+00
     11.474    14.6027  42.548882    35.0151     0.0705 1.1025e+02     0.3108        281  1026.1212     0.0440  0.000e+00
     11.456    14.6029  42.549421    35.0154     0.0703 1.1272e+02     0.3143        282  1026.1213     0.0459  0.000e+00
     11.437    14.6029  42.550363    35.0163     0.0692 1.1320e+02     0.3175        283  1026.1219     0.0465  0.000e+00
     11.412    14.6030  42.550161    35.0160     0.0701 1.1195e+02     0.3153        284  1026.1216     0.0473  0.000e+00
     11.406    14.6032  42.549892    35.0156     0.0705 1.1027e+02     0.3130        285  1026.1212     0.0472  0.000e+00
     11.399    14.6030  42.550161    35.0160     0.0707 1.0964e+02     0.3139        286  1026.1215     0.0465  0.000e+00
     11.394    14.6025  42.550632    35.0169     0.0706 1.1092e+02     0.3154        287  1026.1223     0.0449  0.000e+00
     11.380    14.6028  42.550902    35.0169     0.0704 1.1199e+02     0.3139        288  1026.1222     0.0451  0.000e+00
     11.375    14.6035  42.551171    35.0165     0.0703 1.1219e+02     0.3129        289  1026.1217     0.0464  0.000e+00
     11.374    14.6041  42.551104    35.0160     0.0703 1.1188e+02     0.3119        290  1026.1211     0.0462  0.000e+00
     11.368    14.6047  42.551305    35.0156     0.0704 1.1135e+02     0.3091        291  1026.1207     0.0455  0.000e+00
     11.362    14.6052  42.551642    35.0154     0.0705 1.1014e+02     0.3098        292  1026.1204     0.0470  0.000e+00
     11.362    14.6057  42.551642    35.0150     0.0709 1.0868e+02     0.3107        293  1026.1200     0.0474  0.000e+00
     11.362    14.6064  42.551305    35.0141     0.0699 1.0757e+02     0.3095        294  1026.1191     0.0473  0.000e+00
     11.362    14.6064  42.551103    35.0139     0.0693 1.0737e+02     0.3083        295  1026.1190     0.0467  0.000e+00
     11.362    14.6069  42.551372    35.0136     0.0703 1.0839e+02     0.3120        296  1026.1187     0.0462  0.000e+00
     11.349    14.6071  42.551372    35.0135     0.0705 1.1097e+02     0.3162        297  1026.1185     0.0468  0.000e+00
     11.324    14.6071  42.551103    35.0133     0.0699 1.1519e+02     0.3120        298  1026.1182     0.0463  0.000e+00
     11.293    14.6073  42.551372    35.0133     0.0693 1.1793e+02     0.3084        299  1026.1180     0.0443  0.000e+00
     11.268    14.6075  42.552988    35.0146     0.0696 1.1827e+02     0.3086        300  1026.1189     0.0447  0.000e+00
     11.249    14.6078  42.552382    35.0139     0.0705 1.1713e+02     0.3089        301  1026.1182     0.0449  0.000e+00
     11.255    14.6060  42.550362    35.0136     0.0702 1.1384e+02     0.3107        302  1026.1184     0.0440  0.000e+00
     11.318    14.6000  42.544438    35.0135     0.0692 1.0964e+02     0.3124        303  1026.1199     0.0466  0.000e+00
     11.431    14.5944  42.542218    35.0165     0.0702 1.0671e+02     0.3134        304  1026.1239     0.0449  0.000e+00
     11.493    14.5925  42.544709    35.0205     0.0694 1.0727e+02     0.3141        305  1026.1276     0.0447  0.000e+00
     11.462    14.5931  42.540064    35.0156     0.0699 1.1138e+02     0.3148        306  1026.1236     0.0453  0.000e+00
     11.437    14.5927  42.542959    35.0187     0.0696 1.1715e+02     0.3141        307  1026.1259     0.0472  0.000e+00
     11.399    14.5938  42.543968    35.0186     0.0705 1.2130e+02     0.3143        308  1026.1255     0.0468  0.000e+00
     11.362    14.5947  42.543968    35.0178     0.0692 1.2073e+02     0.3140        309  1026.1245     0.0470  0.000e+00
     11.343    14.5952  42.544170    35.0176     0.0692 1.1758e+02     0.3140        310  1026.1242     0.0468  0.000e+00
     11.330    14.5965  42.545179    35.0174     0.0708 1.1406e+02     0.3153        311  1026.1236     0.0449  0.000e+00
     11.319    14.5980  42.546795    35.0175     0.0706 1.1223e+02     0.3155        312  1026.1233     0.0453  0.000e+00
     11.330    14.5995  42.547131    35.0165     0.0694 1.1058e+02     0.3175        313  1026.1223     0.0453  0.000e+00
     11.337    14.6001  42.545852    35.0147     0.0696 1.1078e+02     0.3178        314  1026.1209     0.0466  0.000e+00
     11.311    14.5982  42.538985    35.0101     0.0682 1.1346e+02     0.3107        315  1026.1176     0.0455  0.000e+00
     11.286    14.5928  42.544170    35.0198     0.0687 1.1841e+02     0.3105        316  1026.1261     0.0460  0.000e+00
     11.255    14.5934  42.550633    35.0253     0.0694 1.2252e+02     0.3153        317  1026.1301     0.0447  0.000e+00
     11.219    14.5961  42.548074    35.0204     0.0696 1.2334e+02     0.3154        318  1026.1256     0.0465  0.000e+00
     11.199    14.5963  42.543967    35.0165     0.0707 1.1965e+02     0.3128        319  1026.1225     0.0458  0.000e+00
     11.199    14.5983  42.547400    35.0178     0.0708 1.1326e+02     0.3130        320  1026.1230     0.0461  0.000e+00
     11.244    14.5949  42.544910    35.0186     0.0683 1.0921e+02     0.3165        321  1026.1246     0.0456  0.000e+00
     11.268    14.5911  42.542217    35.0195     0.0684 1.1023e+02     0.3166        322  1026.1262     0.0463  0.000e+00
     11.236    14.5919  42.543025    35.0196     0.0680 1.1503e+02     0.3081        323  1026.1259     0.0456  0.000e+00
     11.199    14.5956  42.552855    35.0253     0.0681 1.2096e+02     0.3082        324  1026.1294     0.0473  0.000e+00
     11.167    14.6024  42.551844    35.0182     0.0730 1.2367e+02     0.3107        325  1026.1223     0.0459  0.000e+00
     11.136    14.6045  42.549419    35.0141     0.0729 1.2051e+02     0.3107        326  1026.1185     0.0484  0.000e+00
     11.126    14.6048  42.550362    35.0147     0.0721 1.1629e+02     0.3114        327  1026.1189     0.0473  0.000e+00
     11.117    14.6018  42.547871    35.0152     0.0719 1.1499e+02     0.3116        328  1026.1199     0.0460  0.000e+00
     11.111    14.5990  42.549891    35.0195     0.0696 1.1551e+02     0.3043        329  1026.1238     0.0454  0.000e+00
     11.107    14.6004  42.549622    35.0180     0.0696 1.1568e+02     0.3047        330  1026.1223     0.0467  0.000e+00
     11.098    14.6019  42.548881    35.0160     0.0691 1.1410e+02     0.3044        331  1026.1204     0.0465  0.000e+00
     11.104    14.6022  42.549150    35.0159     0.0692 1.1274e+02     0.3044        332  1026.1203     0.0466  0.000e+00
     11.104    14.6022  42.549891    35.0167     0.0720 1.1352e+02     0.3069        333  1026.1209     0.0463  0.000e+00
     11.092    14.6032  42.549419    35.0153     0.0718 1.1529e+02     0.3067        334  1026.1195     0.0449  0.000e+00
     11.079    14.6038  42.550160    35.0154     0.0717 1.1639e+02     0.3062        335  1026.1194     0.0451  0.000e+00
     11.067    14.6040  42.549890    35.0150     0.0721 1.1655e+02     0.3060        336  1026.1191     0.0446  0.000e+00
     11.067    14.6042  42.549419    35.0144     0.0730 1.1527e+02     0.3118        337  1026.1185     0.0444  0.000e+00
     11.070    14.6042  42.549352    35.0144     0.0729 1.1259e+02     0.3117        338  1026.1185     0.0454  0.000e+00
     11.113    14.6040  42.549621    35.0148     0.0692 1.0942e+02     0.3070        339  1026.1191     0.0454  0.000e+00
     11.172    14.6037  42.550362    35.0157     0.0694 1.0746e+02     0.3069        340  1026.1201     0.0476  0.000e+00
     11.211    14.6038  42.547871    35.0133     0.0710 1.0708e+02     0.3083        341  1026.1184     0.0481  0.000e+00
     11.211    14.6030  42.545649    35.0120     0.0704 1.0831e+02     0.3080        342  1026.1175     0.0482  0.000e+00
     11.186    14.6002  42.545380    35.0143     0.0705 1.0908e+02     0.3069        343  1026.1198     0.0466  0.000e+00
     11.180    14.5998  42.546660    35.0158     0.0706 1.0929e+02     0.3069        344  1026.1211     0.0469  0.000e+00
     11.175    14.6000  42.547669    35.0165     0.0719 1.0944e+02     0.3107        345  1026.1216     0.0467  0.000e+00
     11.167    14.6001  42.548141    35.0169     0.0721 1.1035e+02     0.3104        346  1026.1218     0.0472  0.000e+00
     11.163    14.6001  42.548679    35.0174     0.0708 1.1121e+02     0.3114        347  1026.1222     0.0454  0.000e+00
     11.161    14.5993  42.547669    35.0172     0.0708 1.1025e+02     0.3120        348  1026.1221     0.0447  0.000e+00
     11.197    14.5938  42.542688    35.0175     0.0693 1.0695e+02     0.3108        349  1026.1238     0.0439  0.000e+00
     11.274    14.5859  42.539727    35.0220     0.0692 1.0382e+02     0.3110        350  1026.1293     0.0450  0.000e+00
     11.349    14.5792  42.543431    35.0314     0.0673 1.0260e+02     0.3114        351  1026.1383     0.0463  0.000e+00
     11.374    14.5795  42.535487    35.0238     0.0671 1.0329e+02     0.3118        352  1026.1325     0.0458  0.000e+00
     11.343    14.5819  42.536564    35.0226     0.0669 1.0546e+02     0.3095        353  1026.1309     0.0467  0.000e+00
     11.324    14.5844  42.541949    35.0253     0.0673 1.0797e+02     0.3090        354  1026.1324     0.0470  0.000e+00
     11.305    14.5878  42.541949    35.0223     0.0696 1.0803e+02     0.3109        355  1026.1292     0.0473  0.000e+00
     11.300    14.5871  42.538515    35.0197     0.0695 1.0697e+02     0.3107        356  1026.1274     0.0467  0.000e+00
     11.292    14.5839  42.536294    35.0205     0.0678 1.0596e+02     0.3081        357  1026.1286     0.0470  0.000e+00
     11.286    14.5820  42.537304    35.0233     0.0686 1.0551e+02     0.3082        358  1026.1312     0.0465  0.000e+00
     11.299    14.5817  42.538516    35.0247     0.0707 1.0483e+02     0.3101        359  1026.1323     0.0465  0.000e+00
     11.330    14.5812  42.538045    35.0246     0.0721 1.0300e+02     0.3115        360  1026.1326     0.0475  0.000e+00
     11.380    14.5810  42.539526    35.0262     0.0715 1.0158e+02     0.3097        361  1026.1340     0.0476  0.000e+00
     11.387    14.5820  42.539998    35.0256     0.0707 1.0237e+02     0.3064        362  1026.1334     0.0478  0.000e+00
     11.368    14.5865  42.540266    35.0219     0.0712 1.0429e+02     0.3073        363  1026.1295     0.0484  0.000e+00
     11.350    14.5894  42.540266    35.0193     0.0709 1.0691e+02     0.3068        364  1026.1267     0.0487  0.000e+00
     11.324    14.5901  42.541006    35.0193     0.0702 1.0894e+02     0.3086        365  1026.1265     0.0465  0.000e+00
     11.299    14.5904  42.541410    35.0194     0.0693 1.1014e+02     0.3107        366  1026.1264     0.0460  0.000e+00
     11.274    14.5904  42.541948    35.0199     0.0699 1.1172e+02     0.3095        367  1026.1267     0.0449  0.000e+00
     11.230    14.5906  42.542487    35.0202     0.0693 1.1322e+02     0.3082        368  1026.1267     0.0437  0.000e+00
     11.186    14.5911  42.542823    35.0202     0.0703 1.1549e+02     0.3155        369  1026.1263     0.0448  0.000e+00
     11.142    14.5911  42.542958    35.0202     0.0709 1.1829e+02     0.3225        370  1026.1262     0.0449  0.000e+00
     11.079    14.5914  42.544169    35.0211     0.0707 1.2198e+02     0.3177        371  1026.1265     0.0453  0.000e+00
     11.010    14.5941  42.549420    35.0236     0.0708 1.2720e+02     0.3133        372  1026.1276     0.0452  0.000e+00
     10.876    14.6004  42.550900    35.0193     0.0706 1.3217e+02     0.3100        373  1026.1223     0.0456  0.000e+00
     10.734    14.6045  42.553323    35.0179     0.0705 1.3577e+02     0.3067        374  1026.1197     0.0467  0.000e+00
     10.597    14.6052  42.548676    35.0130     0.0714 1.3876e+02     0.3073        375  1026.1151     0.0461  0.000e+00
     10.464    14.6047  42.547733    35.0127     0.0715 1.4142e+02     0.3077        376  1026.1144     0.0459  0.000e+00
     10.339    14.6043  42.549147    35.0144     0.0720 1.4411e+02     0.3076        377  1026.1152     0.0461  0.000e+00
     10.194    14.6043  42.552041    35.0171     0.0720 1.4783e+02     0.3069        378  1026.1167     0.0472  0.000e+00
     10.056    14.6047  42.552579    35.0173     0.0721 1.5173e+02     0.3086        379  1026.1162     0.0484  0.000e+00
      9.912    14.6071  42.559783    35.0218     0.0730 1.6034e+02     0.3108        380  1026.1185     0.0482  0.000e+00
      9.754    14.6164  42.571364    35.0241     0.0732 1.7168e+02     0.3091        381  1026.1176     0.0472  0.000e+00
      9.597    14.6329  42.576547    35.0141     0.0728 1.7823e+02     0.3082        382  1026.1056     0.0469  0.000e+00
      9.440    14.6402  42.564086    34.9961     0.0729 1.7930e+02     0.3106        383  1026.0893     0.0470  0.000e+00
      9.305    14.6374  42.564221    34.9988     0.0734 1.7733e+02     0.3130        384  1026.0915     0.0453  0.000e+00
      9.167    14.6376  42.564220    34.9987     0.0724 1.7464e+02     0.3103        385  1026.0908     0.0463  0.000e+00
      9.038    14.6395  42.574860    35.0068     0.0718 1.9474e+02     0.3082        386  1026.0960     0.0462  0.000e+00
      8.886    14.6492  42.582468    35.0051     0.0738 2.0536e+02     0.3094        387  1026.0919     0.0459  0.000e+00
      8.730    14.6602  42.590414    35.0026     0.0756 2.1534e+02     0.3106        388  1026.0869     0.0465  0.000e+00
      8.579    14.6662  42.578020    34.9858     0.0766 2.1989e+02     0.3137        389  1026.0719     0.0487  0.000e+00
      8.434    14.6651  42.575595    34.9846     0.0780 2.2549e+02     0.3159        390  1026.0707     0.0488  0.000e+00
      8.289    14.6668  42.576806    34.9842     0.0779 2.3380e+02     0.3131        391  1026.0693     0.0494  0.000e+00
      8.151    14.6695  42.604018    35.0069     0.0780 2.4417e+02     0.3095        392  1026.0856     0.0497  0.000e+00
      7.993    14.6883  42.623081    35.0076     0.0771 2.5287e+02     0.3127        393  1026.0814     0.0484  0.000e+00
