rawData/offShoreCTD/Station_48.cnv
* Sea-Bird SBE 19plus V2 Data File:
* FileName = C:\Data\CTD\2024\SOES3018 Plymouth\Station_48.hex
* Software Version Seasave V 7.26.7.121
* Temperature SN = 7086
* Conductivity SN = 7086
* System UpLoad Time = Jul 05 2024 10:19:27
* NMEA Latitude = 50 20.88 N
* NMEA Longitude = 004 07.91 W
* NMEA UTC (Time) = Jul 05 2024  10:18:37
** Ship: Callista
** Station: 48
** Operator: Edan
# nquan = 11
# nvalues = 340                                   
# units = specified
# name 0 = prDM: Pressure, Digiquartz [db]
# name 1 = tv290C: Temperature [ITS-90, deg C]
# name 2 = c0mS/cm: Conductivity [mS/cm]
# name 3 = sal00: Salinity, Practical [PSU]
# name 4 = flECO-AFL: Fluorescence, WET Labs ECO-AFL/FL [mg/m^3]
# name 5 = par: PAR/Irradiance, Biospherical/Licor [umol photons/m^2/sec]
# name 6 = turbWETntu0: Turbidity, WET Labs ECO [NTU]
# name 7 = scan: Scan Count
# name 8 = density00: Density [density, kg/m^3]
# name 9 = cdomflTC0: CDOM, Turner Cyclops [ppb QS]
# name 10 = flag:  0.000e+00
# span 0 =      1.277,      9.109                 
# span 1 =    15.0738,    15.6610                 
# span 2 =  42.751709,  42.900456                 
# span 3 =    34.3209,    34.8386                 
# span 4 =     0.0721,     0.2200                 
# span 5 = 2.6353e+01, 1.1683e+03                 
# span 6 =     0.3733,     1.2668                 
# span 7 =          1,        340                 
# span 8 =  1025.3266,  1025.8668                 
# span 9 =     0.0546,     0.0830                 
# span 10 = 0.0000e+00, 0.0000e+00                
# interval = seconds: 0.5
# start_time = Jul 05 2024 10:18:38 [NMEA time, first data scan]
# bad_flag = -9.990e-29
*END*
[from data line 263]
      1.570    15.6283  42.853617    34.3854     0.0805 4.3961e+02     0.4209        264  1025.3659     0.0783  0.000e+00
      1.553    15.6283  42.845784    34.3784     0.0839 3.8485e+02     0.4175        265  1025.3604     0.0768  0.000e+00
      1.553    15.6283  42.853144    34.3850     0.0842 3.2603e+02     0.4176        266  1025.3655     0.0760  0.000e+00
      1.551    15.6301  42.867731    34.3966     0.0837 3.5026e+02     0.4185        267  1025.3740     0.0780  0.000e+00
      1.553    15.6388  42.867932    34.3891     0.0843 3.6471e+02     0.4188        268  1025.3662     0.0793  0.000e+00
      1.558    15.6455  42.867661    34.3830     0.0819 3.5162e+02     0.4176        269  1025.3601     0.0790  0.000e+00
      1.551    15.6466  42.865027    34.3797     0.0816 3.6792e+02     0.4170        270  1025.3573     0.0786  0.000e+00
      1.547    15.6371  42.861989    34.3853     0.0831 3.7392e+02     0.4155        271  1025.3637     0.0791  0.000e+00
      1.553    15.6315  42.859221    34.3877     0.0830 3.7326e+02     0.4150        272  1025.3668     0.0783  0.000e+00
      1.558    15.6251  42.856521    34.3909     0.0823 3.7222e+02     0.4136        273  1025.3707     0.0781  0.000e+00
      1.564    15.6115  42.853619    34.4001     0.0831 3.7735e+02     0.4142        274  1025.3809     0.0785  0.000e+00
      1.577    15.6054  42.860508    34.4117     0.0833 3.5829e+02     0.4150        275  1025.3912     0.0798  0.000e+00
      1.587    15.6056  42.863480    34.4141     0.0825 3.4193e+02     0.4152        276  1025.3931     0.0792  0.000e+00
      1.585    15.6035  42.870436    34.4222     0.0818 3.6696e+02     0.4153        277  1025.3998     0.0790  0.000e+00
      1.579    15.6089  42.863749    34.4114     0.0818 3.8229e+02     0.4157        278  1025.3903     0.0793  0.000e+00
      1.577    15.6133  42.860710    34.4048     0.0840 3.6734e+02     0.4235        279  1025.3842     0.0791  0.000e+00
      1.579    15.6116  42.859089    34.4049     0.0843 3.3633e+02     0.4234        280  1025.3846     0.0777  0.000e+00
      1.579    15.6090  42.864492    34.4120     0.0834 3.4307e+02     0.4318        281  1025.3907     0.0770  0.000e+00
      1.589    15.6103  42.869963    34.4158     0.0841 3.3568e+02     0.4322        282  1025.3933     0.0761  0.000e+00
      1.602    15.6185  42.868138    34.4070     0.0840 3.1460e+02     0.4247        283  1025.3848     0.0772  0.000e+00
      1.623    15.6145  42.867734    34.4102     0.0835 3.1443e+02     0.4244        284  1025.3882     0.0771  0.000e+00
      1.629    15.6072  42.863750    34.4130     0.0856 3.3175e+02     0.4353        285  1025.3921     0.0768  0.000e+00
      1.635    15.5987  42.857741    34.4150     0.0852 3.4860e+02     0.4349        286  1025.3955     0.0780  0.000e+00
      1.635    15.5889  42.870709    34.4352     0.0839 3.5547e+02     0.4314        287  1025.4133     0.0775  0.000e+00
      1.634    15.6067  42.874962    34.4234     0.0839 3.4175e+02     0.4318        288  1025.4002     0.0790  0.000e+00
      1.629    15.6363  42.877929    34.4002     0.0841 3.2425e+02     0.4277        289  1025.3757     0.0801  0.000e+00
      1.629    15.6546  42.873469    34.3802     0.0838 3.3882e+02     0.4273        290  1025.3562     0.0792  0.000e+00
      1.629    15.6560  42.872928    34.3785     0.0879 3.1416e+02     0.4342        291  1025.3546     0.0791  0.000e+00
      1.629    15.6553  42.873671    34.3798     0.0877 3.0251e+02     0.4340        292  1025.3557     0.0797  0.000e+00
      1.634    15.6564  42.873469    34.3787     0.1198 3.2420e+02     0.4754        293  1025.3546     0.0810  0.000e+00
      1.642    15.6543  42.874685    34.3816     0.1195 3.3509e+02     0.4757        294  1025.3574     0.0810  0.000e+00
      1.642    15.6556  42.874685    34.3804     0.1245 3.2403e+02     0.4789        295  1025.3562     0.0787  0.000e+00
      1.634    15.6563  42.873199    34.3786     0.1247 3.4037e+02     0.4788        296  1025.3546     0.0803  0.000e+00
      1.629    15.6553  42.870700    34.3771     0.1561 3.5279e+02     0.5282        297  1025.3537     0.0785  0.000e+00
      1.629    15.6537  42.869957    34.3779     0.1564 3.3834e+02     0.5281        298  1025.3547     0.0803  0.000e+00
      1.627    15.6514  42.870430    34.3803     0.1325 3.2261e+02     0.4996        299  1025.3570     0.0780  0.000e+00
      1.629    15.6511  42.869484    34.3797     0.1324 3.2057e+02     0.4996        300  1025.3566     0.0787  0.000e+00
      1.634    15.6538  42.871443    34.3791     0.1575 3.2729e+02     0.8921        301  1025.3556     0.0791  0.000e+00
      1.642    15.6574  42.868403    34.3733     0.1818 3.3995e+02     0.8917        302  1025.3503     0.0805  0.000e+00
      1.652    15.6446  42.866716    34.3829     0.1996 3.4707e+02     1.0801        303  1025.3606     0.0784  0.000e+00
      1.659    15.6339  42.866245    34.3919     0.2166 3.4277e+02     1.2668        304  1025.3700     0.0802  0.000e+00
      1.654    15.6288  42.865773    34.3959     0.2154 3.4331e+02     1.1814        305  1025.3742     0.0797  0.000e+00
      1.659    15.6280  42.866989    34.3977     0.2136 3.5001e+02     1.0948        306  1025.3757     0.0806  0.000e+00
      1.659    15.6266  42.869353    34.4010     0.2142 3.3297e+02     1.1144        307  1025.3787     0.0796  0.000e+00
      1.673    15.6273  42.872730    34.4034     0.2153 3.2170e+02     1.1335        308  1025.3804     0.0792  0.000e+00
      1.667    15.6366  42.871918    34.3945     0.2170 3.5403e+02     0.9387        309  1025.3714     0.0793  0.000e+00
      1.665    15.6389  42.865231    34.3865     0.2185 3.4811e+02     0.7443        310  1025.3648     0.0778  0.000e+00
      1.672    15.6400  42.865231    34.3856     0.2173 3.2408e+02     0.9425        311  1025.3639     0.0784  0.000e+00
      1.684    15.6425  42.873133    34.3905     0.2152 3.0766e+02     1.1415        312  1025.3671     0.0794  0.000e+00
      1.704    15.6480  42.873403    34.3859     0.2135 3.1477e+02     1.1458        313  1025.3624     0.0789  0.000e+00
      1.704    15.6479  42.872727    34.3854     0.2126 3.3680e+02     1.1495        314  1025.3621     0.0780  0.000e+00
      1.697    15.6473  42.868945    34.3825     0.2163 3.4940e+02     1.0405        315  1025.3599     0.0780  0.000e+00
      1.697    15.6472  42.865501    34.3795     0.2200 3.4732e+02     0.9316        316  1025.3576     0.0814  0.000e+00
      1.697    15.6472  42.864555    34.3787     0.1852 3.4428e+02     0.7362        317  1025.3570     0.0820  0.000e+00
      1.697    15.6477  42.863609    34.3774     0.1499 3.4866e+02     0.5399        318  1025.3559     0.0813  0.000e+00
      1.698    15.6485  42.863947    34.3770     0.1213 3.5697e+02     0.4892        319  1025.3554     0.0802  0.000e+00
      1.698    15.6470  42.860233    34.3750     0.0925 3.5659e+02     0.4386        320  1025.3542     0.0796  0.000e+00
      1.691    15.6464  42.859490    34.3749     0.0906 3.4410e+02     0.4369        321  1025.3542     0.0789  0.000e+00
      1.691    15.6464  42.862867    34.3779     0.0891 3.4301e+02     0.4353        322  1025.3565     0.0781  0.000e+00
      1.691    15.6430  42.863610    34.3815     0.0915 3.5279e+02     0.4366        323  1025.3601     0.0796  0.000e+00
      1.686    15.6411  42.858208    34.3783     0.0937 3.4634e+02     0.4378        324  1025.3580     0.0796  0.000e+00
      1.698    15.6421  42.860233    34.3793     0.0922 3.3356e+02     0.4381        325  1025.3586     0.0779  0.000e+00
      1.716    15.6500  42.863474    34.3753     0.0914 3.2885e+02     0.4365        326  1025.3538     0.0791  0.000e+00
      1.729    15.6575  42.865026    34.3701     0.0896 3.2804e+02     0.4331        327  1025.3482     0.0798  0.000e+00
      1.735    15.6556  42.874550    34.3803     0.0877 3.3006e+02     0.4295        328  1025.3566     0.0784  0.000e+00
      1.730    15.6591  42.870970    34.3741     0.0904 3.4604e+02     0.4336        329  1025.3509     0.0789  0.000e+00
      1.742    15.6581  42.866985    34.3713     0.0925 3.3099e+02     0.4389        330  1025.3491     0.0778  0.000e+00
      1.755    15.6587  42.865972    34.3699     0.0914 3.0961e+02     0.4357        331  1025.3479     0.0791  0.000e+00
      1.767    15.6599  42.871442    34.3737     0.0902 3.0674e+02     0.4331        332  1025.3506     0.0782  0.000e+00
      1.767    15.6601  42.875292    34.3771     0.0895 3.3585e+02     0.4339        333  1025.3532     0.0792  0.000e+00
      1.755    15.6610  42.874212    34.3753     0.0905 3.4659e+02     0.4351        334  1025.3516     0.0784  0.000e+00
      1.755    15.6610  42.868471    34.3702     0.0915 3.3303e+02     0.4385        335  1025.3476     0.0776  0.000e+00
      1.755    15.6587  42.868201    34.3719     0.0924 3.1599e+02     0.4425        336  1025.3494     0.0789  0.000e+00
      1.748    15.6564  42.867931    34.3736     0.0937 3.2500e+02     0.4434        337  1025.3513     0.0793  0.000e+00
      1.748    15.6556  42.872929    34.3789     0.0949 3.3262e+02     0.4453        338  1025.3555     0.0807  0.000e+00
      1.755    15.6554  42.870970    34.3773     0.0956 3.0518e+02     0.4488        339  1025.3543     0.0787  0.000e+00
      1.755    15.6549  42.867728    34.3748     0.0960 3.0267e+02     0.4536        340  1025.3525     0.0795  0.000e+00
