rawData/offShoreCTD/Station_48.cnv
* Sea-Bird SBE 19plus V2 Data File:
* FileName = C:\Data\CTD\2024\SOES3018 Plymouth\Station_48.hex
* Software Version Seasave V 7.26.7.121
* Temperature SN = 7086
* Conductivity SN = 7086
* System UpLoad Time = Jul 05 2024 10:19:27
* NMEA Latitude = 50 20.88 N
* NMEA Longitude = 004 07.91 W
* NMEA UTC (Time) = Jul 05 2024  10:18:37
** Ship: Callista
** Station: 48
** Operator: Edan
# nquan = 11
# nvalues = 340                                   
# units = specified
# name 0 = prDM: Pressure, Digiquartz [db]
# name 1 = tv290C: Temperature [ITS-90, deg C]
# name 2 = c0mS/cm: Conductivity [mS/cm]
# name 3 = sal00: Salinity, Practical [PSU]
# name 4 = flECO-AFL: Fluorescence, WET Labs ECO-AFL/FL [mg/m^3]
# name 5 = par: PAR/Irradiance, Biospherical/Licor [umol photons/m^2/sec]
# name 6 = turbWETntu0: Turbidity, WET Labs ECO [NTU]
# name 7 = scan: Scan Count
# name 8 = density00: Density [density, kg/m^3]
# name 9 = cdomflTC0: CDOM, Turner Cyclops [ppb QS]
# name 10 = flag:  0.000e+00
# span 0 =      1.277,      9.109                 
# span 1 =    15.0738,    15.6610                 
# span 2 =  42.751709,  42.900456                 
# span 3 =    34.3209,    34.8386                 
# span 4 =     0.0721,     0.2200                 
# span 5 = 2.6353e+01, 1.1683e+03                 
# span 6 =     0.3733,     1.2668                 
# span 7 =          1,        340                 
# span 8 =  1025.3266,  1025.8668                 
# span 9 =     0.0546,     0.0830                 
# span 10 = 0.0000e+00, 0.0000e+00                
# interval = seconds: 0.5
# start_time = Jul 05 2024 10:18:38 [NMEA time, first data scan]
# bad_flag = -9.990e-29
*END*
[from data line 132]
      8.889    15.0798  42.807746    34.8249     0.0778 3.4034e+01     0.3893        133  1025.8589     0.0595  0.000e+00
      8.877    15.0819  42.805990    34.8215     0.0778 3.3717e+01     0.3945        134  1025.8557     0.0582  0.000e+00
      8.870    15.0796  42.801806    34.8197     0.0774 3.2902e+01     0.3917        135  1025.8548     0.0577  0.000e+00
      8.877    15.0761  42.804776    34.8256     0.0776 3.2458e+01     0.3888        136  1025.8601     0.0557  0.000e+00
      8.883    15.0738  42.806802    34.8295     0.0766 3.2139e+01     0.3835        137  1025.8637     0.0562  0.000e+00
      8.895    15.0773  42.799309    34.8195     0.0757 3.1930e+01     0.3786        138  1025.8552     0.0559  0.000e+00
      8.908    15.0786  42.797689    34.8169     0.0752 3.1706e+01     0.3791        139  1025.8530     0.0555  0.000e+00
      8.914    15.0773  42.798634    34.8189     0.0760 3.1589e+01     0.3799        140  1025.8549     0.0557  0.000e+00
      8.920    15.0767  42.799039    34.8198     0.0756 3.1667e+01     0.3804        141  1025.8557     0.0567  0.000e+00
      8.914    15.0767  42.799039    34.8198     0.0773 3.1947e+01     0.3841        142  1025.8557     0.0574  0.000e+00
      8.902    15.0773  42.802549    34.8225     0.0766 3.2344e+01     0.3845        143  1025.8576     0.0565  0.000e+00
      8.895    15.0788  42.809973    34.8279     0.0779 3.2145e+01     0.3859        144  1025.8614     0.0555  0.000e+00
      8.907    15.0790  42.808083    34.8260     0.0779 3.1395e+01     0.3872        145  1025.8599     0.0574  0.000e+00
      8.920    15.0787  42.808286    34.8264     0.0766 3.0586e+01     0.3946        146  1025.8604     0.0571  0.000e+00
      8.952    15.0788  42.808489    34.8265     0.0773 3.0158e+01     0.3946        147  1025.8606     0.0577  0.000e+00
      8.965    15.0828  42.799174    34.8145     0.0759 2.9867e+01     0.3844        148  1025.8505     0.0565  0.000e+00
      8.971    15.0841  42.798633    34.8128     0.0757 2.9548e+01     0.3834        149  1025.8489     0.0546  0.000e+00
      8.971    15.0829  42.798296    34.8136     0.0756 2.9449e+01     0.3780        150  1025.8498     0.0561  0.000e+00
      8.970    15.0814  42.797959    34.8146     0.0757 2.9610e+01     0.3784        151  1025.8509     0.0567  0.000e+00
      8.965    15.0812  42.805046    34.8213     0.0770 2.9522e+01     0.3874        152  1025.8561     0.0575  0.000e+00
      8.977    15.0819  42.807273    34.8227     0.0769 2.8939e+01     0.3879        153  1025.8570     0.0597  0.000e+00
      9.014    15.0817  42.804169    34.8200     0.0769 2.7882e+01     0.3865        154  1025.8552     0.0579  0.000e+00
      9.071    15.0793  42.805249    34.8231     0.0765 2.6992e+01     0.3871        155  1025.8583     0.0583  0.000e+00
      9.109    15.0781  42.799040    34.8184     0.0770 2.6978e+01     0.3825        156  1025.8552     0.0573  0.000e+00
      9.103    15.0784  42.790806    34.8107     0.0769 2.7531e+01     0.3828        157  1025.8491     0.0581  0.000e+00
      9.090    15.0742  42.791819    34.8154     0.0793 2.7779e+01     0.3841        158  1025.8537     0.0567  0.000e+00
      9.078    15.0739  42.800525    34.8235     0.0793 2.7545e+01     0.3839        159  1025.8599     0.0571  0.000e+00
      9.078    15.0750  42.801537    34.8235     0.0772 2.7073e+01     0.3838        160  1025.8597     0.0575  0.000e+00
      9.078    15.0763  42.802955    34.8237     0.0766 2.6916e+01     0.3839        161  1025.8595     0.0585  0.000e+00
      9.071    15.0768  42.799782    34.8203     0.0779 2.7150e+01     0.3880        162  1025.8568     0.0569  0.000e+00
      9.070    15.0800  42.799782    34.8175     0.0783 2.7207e+01     0.3870        163  1025.8539     0.0562  0.000e+00
      9.070    15.0813  42.806531    34.8224     0.0783 2.6964e+01     0.3832        164  1025.8574     0.0571  0.000e+00
      9.071    15.0813  42.807544    34.8233     0.0777 2.6826e+01     0.3832        165  1025.8581     0.0581  0.000e+00
      9.078    15.0823  42.801064    34.8165     0.0781 2.6959e+01     0.3767        166  1025.8527     0.0571  0.000e+00
      9.078    15.0857  42.795799    34.8087     0.0779 2.7016e+01     0.3771        167  1025.8459     0.0568  0.000e+00
      9.078    15.0869  42.800051    34.8115     0.0778 2.6755e+01     0.3807        168  1025.8478     0.0565  0.000e+00
      9.084    15.0872  42.805788    34.8165     0.0779 2.6394e+01     0.3806        169  1025.8516     0.0587  0.000e+00
      9.084    15.0871  42.798161    34.8096     0.0783 2.6432e+01     0.3880        170  1025.8463     0.0576  0.000e+00
      9.071    15.0859  42.792087    34.8052     0.0778 2.6888e+01     0.3879        171  1025.8431     0.0585  0.000e+00
      9.063    15.0821  42.792020    34.8085     0.0782 2.7313e+01     0.3863        172  1025.8465     0.0598  0.000e+00
      9.059    15.0819  42.802279    34.8181     0.0783 2.7313e+01     0.3863        173  1025.8539     0.0578  0.000e+00
      9.059    15.0826  42.803561    34.8186     0.0779 2.7078e+01     0.3866        174  1025.8541     0.0573  0.000e+00
      9.059    15.0832  42.803561    34.8181     0.0776 2.6916e+01     0.3868        175  1025.8536     0.0565  0.000e+00
      9.071    15.0817  42.804506    34.8202     0.0785 2.6699e+01     0.3827        176  1025.8556     0.0558  0.000e+00
      9.084    15.0783  42.805047    34.8238     0.0782 2.6353e+01     0.3828        177  1025.8592     0.0575  0.000e+00
      9.097    15.0765  42.806532    34.8267     0.0801 2.6376e+01     0.3898        178  1025.8619     0.0575  0.000e+00
      9.090    15.0788  42.794383    34.8136     0.0804 2.7069e+01     0.3894        179  1025.8512     0.0573  0.000e+00
      9.065    15.0780  42.788579    34.8091     0.0780 2.8204e+01     0.3805        180  1025.8478     0.0557  0.000e+00
      9.034    15.0746  42.788579    34.8121     0.0778 2.8766e+01     0.3805        181  1025.8508     0.0555  0.000e+00
      8.990    15.0748  42.790063    34.8133     0.0779 2.9381e+01     0.3887        182  1025.8514     0.0571  0.000e+00
      8.946    15.0752  42.787836    34.8109     0.0778 3.0700e+01     0.3890        183  1025.8494     0.0575  0.000e+00
      8.876    15.0753  42.786959    34.8100     0.0793 3.2867e+01     0.3767        184  1025.8483     0.0581  0.000e+00
      8.801    15.0773  42.787363    34.8087     0.0792 3.5155e+01     0.3763        185  1025.8465     0.0576  0.000e+00
      8.713    15.0783  42.790872    34.8110     0.0766 3.6700e+01     0.3842        186  1025.8477     0.0584  0.000e+00
      8.619    15.0790  42.793908    34.8132     0.0769 3.8116e+01     0.3841        187  1025.8488     0.0594  0.000e+00
      8.524    15.0792  42.791343    34.8107     0.0787 4.0390e+01     0.3942        188  1025.8464     0.0623  0.000e+00
      8.411    15.0806  42.788576    34.8070     0.0783 4.2717e+01     0.3950        189  1025.8427     0.0620  0.000e+00
      8.308    15.0815  42.792084    34.8094     0.0782 4.4663e+01     0.3841        190  1025.8439     0.0572  0.000e+00
      8.197    15.0822  42.793569    34.8102     0.0780 4.6961e+01     0.3844        191  1025.8439     0.0575  0.000e+00
      8.077    15.0829  42.789316    34.8057     0.0780 4.9964e+01     0.3799        192  1025.8398     0.0591  0.000e+00
      7.951    15.0875  42.790867    34.8031     0.0779 5.3864e+01     0.3801        193  1025.8362     0.0586  0.000e+00
      7.825    15.0934  42.792081    34.7990     0.0784 5.7085e+01     0.3817        194  1025.8312     0.0568  0.000e+00
      7.706    15.0944  42.792958    34.7990     0.0780 5.8375e+01     0.3819        195  1025.8304     0.0562  0.000e+00
      7.580    15.0938  42.791067    34.7979     0.0787 6.0850e+01     0.3817        196  1025.8291     0.0589  0.000e+00
      7.441    15.0965  42.790864    34.7953     0.0766 6.7034e+01     0.3807        197  1025.8259     0.0589  0.000e+00
      7.303    15.1089  42.793291    34.7865     0.0775 7.3262e+01     0.3789        198  1025.8158     0.0585  0.000e+00
      7.164    15.1187  42.792345    34.7770     0.0768 7.9465e+01     0.3767        199  1025.8057     0.0595  0.000e+00
      7.019    15.1170  42.790589    34.7769     0.0773 8.2557e+01     0.3842        200  1025.8054     0.0578  0.000e+00
      6.887    15.1148  42.789847    34.7783     0.0785 8.6954e+01     0.3932        201  1025.8063     0.0607  0.000e+00
      6.757    15.1149  42.788362    34.7769     0.0789 9.3357e+01     0.3890        202  1025.8046     0.0617  0.000e+00
      6.622    15.1147  42.789103    34.7778     0.0792 9.9057e+01     0.3852        203  1025.8048     0.0635  0.000e+00
      6.483    15.1143  42.789103    34.7782     0.0799 1.0477e+02     0.3874        204  1025.8046     0.0654  0.000e+00
      6.344    15.1150  42.791802    34.7801     0.0808 1.1211e+02     0.3889        205  1025.8053     0.0666  0.000e+00
      6.206    15.1259  42.803273    34.7809     0.0816 1.2173e+02     0.3880        206  1025.8029     0.0662  0.000e+00
      6.060    15.1887  42.814739    34.7356     0.0830 1.3625e+02     0.3871        207  1025.7534     0.0681  0.000e+00
      5.915    15.2696  42.804805    34.6549     0.0824 1.5159e+02     0.3969        208  1025.6727     0.0689  0.000e+00
      5.770    15.2701  42.793803    34.6446     0.0823 1.6031e+02     0.4056        209  1025.6640     0.0702  0.000e+00
      5.629    15.2506  42.789823    34.6583     0.0833 1.6419e+02     0.4063        210  1025.6783     0.0712  0.000e+00
      5.491    15.2433  42.782130    34.6578     0.0839 1.7387e+02     0.4073        211  1025.6789     0.0723  0.000e+00
      5.354    15.2422  42.779363    34.6563     0.0847 2.0253e+02     0.4103        212  1025.6774     0.0723  0.000e+00
      5.215    15.2395  42.780037    34.6594     0.0851 2.1174e+02     0.4125        213  1025.6797     0.0730  0.000e+00
      5.082    15.2335  42.790565    34.6743     0.0858 2.2470e+02     0.4103        214  1025.6919     0.0739  0.000e+00
      4.942    15.2545  42.808718    34.6722     0.0870 2.4491e+02     0.4078        215  1025.6851     0.0752  0.000e+00
      4.804    15.3491  42.821935    34.6006     0.0868 2.7687e+02     0.4133        216  1025.6083     0.0774  0.000e+00
      4.659    15.4600  42.815978    34.4977     0.0866 3.1306e+02     0.4185        217  1025.5036     0.0761  0.000e+00
      4.520    15.4834  42.785602    34.4498     0.0866 3.2775e+02     0.4265        218  1025.4610     0.0775  0.000e+00
      4.388    15.4673  42.779530    34.4585     0.0866 3.5211e+02     0.4343        219  1025.4707     0.0780  0.000e+00
      4.256    15.4514  42.769612    34.4637     0.0876 3.6133e+02     0.4330        220  1025.4776     0.0789  0.000e+00
      4.122    15.4568  42.819149    34.5036     0.0893 4.0143e+02     0.4321        221  1025.5065     0.0784  0.000e+00
      3.986    15.4938  42.772574    34.4292     0.0880 4.1078e+02     0.4299        222  1025.4404     0.0762  0.000e+00
      3.862    15.4858  42.768864    34.4330     0.0876 4.3714e+02     0.4278        223  1025.4445     0.0765  0.000e+00
      3.741    15.5134  42.795988    34.4333     0.0871 4.0519e+02     0.4335        224  1025.4380     0.0771  0.000e+00
      3.635    15.5537  42.783834    34.3871     0.0863 4.2765e+02     0.4391        225  1025.3930     0.0793  0.000e+00
      3.521    15.5735  42.760416    34.3488     0.0864 4.3722e+02     0.4384        226  1025.3586     0.0803  0.000e+00
      3.421    15.5841  42.787540    34.3640     0.0867 4.0826e+02     0.4373        227  1025.3675     0.0816  0.000e+00
      3.327    15.6011  42.803196    34.3632     0.0869 4.3355e+02     0.4365        228  1025.3627     0.0789  0.000e+00
      3.230    15.6157  42.770597    34.3212     0.0875 4.0683e+02     0.4355        229  1025.3266     0.0796  0.000e+00
      3.141    15.6005  42.805220    34.3656     0.0880 4.3059e+02     0.4345        230  1025.3638     0.0787  0.000e+00
      3.063    15.5806  42.777282    34.3579     0.0874 4.3401e+02     0.4331        231  1025.3620     0.0787  0.000e+00
      2.981    15.5744  42.774853    34.3612     0.0874 4.0984e+02     0.4375        232  1025.3655     0.0806  0.000e+00
      2.907    15.5906  42.774986    34.3472     0.0863 4.2810e+02     0.4414        233  1025.3509     0.0795  0.000e+00
      2.837    15.6070  42.761623    34.3209     0.0872 3.9869e+02     0.4367        234  1025.3266     0.0784  0.000e+00
      2.768    15.6013  42.801708    34.3619     0.0879 4.4201e+02     0.4319        235  1025.3591     0.0792  0.000e+00
      2.698    15.5802  42.811903    34.3895     0.0876 4.2086e+02     0.4331        236  1025.3848     0.0806  0.000e+00
      2.642    15.5687  42.772828    34.3645     0.0879 4.1983e+02     0.4335        237  1025.3678     0.0806  0.000e+00
      2.573    15.5625  42.768848    34.3664     0.0872 4.2473e+02     0.4358        238  1025.3704     0.0819  0.000e+00
      2.522    15.5678  42.760818    34.3545     0.0866 4.0611e+02     0.4376        239  1025.3599     0.0790  0.000e+00
      2.472    15.5758  42.751709    34.3394     0.0871 4.1916e+02     0.4376        240  1025.3462     0.0797  0.000e+00
      2.415    15.5773  42.760884    34.3464     0.0877 3.9278e+02     0.4369        241  1025.3510     0.0816  0.000e+00
      2.375    15.5683  42.797459    34.3870     0.0879 4.6178e+02     0.4358        242  1025.3841     0.0800  0.000e+00
      2.321    15.5665  42.821894    34.4106     0.0877 4.2331e+02     0.4343        243  1025.4024     0.0795  0.000e+00
      2.277    15.5829  42.806434    34.3824     0.0876 4.5350e+02     0.4343        244  1025.3769     0.0804  0.000e+00
      2.227    15.5790  42.766348    34.3498     0.0876 4.4662e+02     0.4344        245  1025.3524     0.0801  0.000e+00
      2.189    15.5743  42.759871    34.3482     0.0872 3.8492e+02     0.4325        246  1025.3520     0.0830  0.000e+00
      2.145    15.5721  42.763177    34.3530     0.0866 3.2334e+02     0.4308        247  1025.3561     0.0819  0.000e+00
      2.113    15.5710  42.767833    34.3582     0.0867 3.6728e+02     0.4311        248  1025.3601     0.0780  0.000e+00
      2.076    15.5857  42.763377    34.3414     0.0833 4.2510e+02     0.4399        249  1025.3437     0.0786  0.000e+00
      2.032    15.6133  42.824857    34.3725     0.0838 4.4921e+02     0.4405        250  1025.3613     0.0800  0.000e+00
      1.989    15.6307  42.815404    34.3489     0.0818 5.0854e+02     0.4246        251  1025.3391     0.0791  0.000e+00
      1.950    15.6198  42.854227    34.3932     0.0815 5.1601e+02     0.4249        252  1025.3754     0.0758  0.000e+00
      1.912    15.6294  42.855239    34.3858     0.0818 5.2738e+02     0.4211        253  1025.3674     0.0784  0.000e+00
      1.881    15.6379  42.861721    34.3842     0.0815 5.0100e+02     0.4213        254  1025.3641     0.0782  0.000e+00
      1.849    15.6390  42.858951    34.3808     0.0795 4.5935e+02     0.4247        255  1025.3611     0.0814  0.000e+00
      1.818    15.6355  42.866178    34.3903     0.0795 5.0605e+02     0.4246        256  1025.3691     0.0800  0.000e+00
      1.774    15.6417  42.857465    34.3771     0.0834 1.0716e+03     0.4195        257  1025.3574     0.0786  0.000e+00
      1.742    15.6447  42.852265    34.3698     0.0829 1.1683e+03     0.4196        258  1025.3509     0.0784  0.000e+00
      1.704    15.6431  42.832346    34.3534     0.0819 7.6461e+02     0.4638        259  1025.3384     0.0787  0.000e+00
      1.673    15.6415  42.852737    34.3731     0.0815 5.0640e+02     0.4641        260  1025.3539     0.0786  0.000e+00
      1.646    15.6325  42.863814    34.3909     0.0827 5.2664e+02     0.4247        261  1025.3694     0.0780  0.000e+00
      1.623    15.6267  42.865300    34.3973     0.0831 9.7766e+02     0.4248        262  1025.3756     0.0797  0.000e+00
