rawData/offShoreCTD/Station_50.cnv
* Sea-Bird SBE 19plus V2 Data File:
* FileName = C:\Data\CTD\2024\SOES3018 Plymouth\Station_50.hex
* Software Version Seasave V 7.26.7.121
* Temperature SN = 7086
* Conductivity SN = 7086
* System UpLoad Time = Jul 05 2024 12:24:31
* NMEA Latitude = 50 19.74 N
* NMEA Longitude = 004 11.24 W
* NMEA UTC (Time) = Jul 05 2024  12:23:40
** Ship: Callista
** Station: 50
** Operator: Edan
# nquan = 11
# nvalues = 291                                   
# units = specified
# name 0 = prDM: Pressure, Digiquartz [db]
# name 1 = tv290C: Temperature [ITS-90, deg C]
# name 2 = c0mS/cm: Conductivity [mS/cm]
# name 3 = sal00: Salinity, Practical [PSU]
# name 4 = flECO-AFL: Fluorescence, WET Labs ECO-AFL/FL [mg/m^3]
# name 5 = par: PAR/Irradiance, Biospherical/Licor [umol photons/m^2/sec]
# name 6 = turbWETntu0: Turbidity, WET Labs ECO [NTU]
# name 7 = scan: Scan Count
# name 8 = density00: Density [density, kg/m^3]
# name 9 = cdomflTC0: CDOM, Turner Cyclops [ppb QS]
# name 10 = flag:  0.000e+00
# span 0 =      1.623,     10.594                 
# span 1 =    14.8864,    15.3762                 
# span 2 =  42.747857,  42.980013                 
# span 3 =    34.6857,    34.9934                 
# span 4 =     0.0771,     0.0952                 
# span 5 = 1.9821e+01, 3.0760e+02                 
# span 6 =     0.3340,     0.5769                 
# span 7 =          1,        291                 
# span 8 =  1025.6578,  1026.0368                 
# span 9 =     0.0470,     0.0615                 
# span 10 = 0.0000e+00, 0.0000e+00                
# interval = seconds: 0.5
# start_time = Jul 05 2024 12:23:41 [NMEA time, first data scan]
# bad_flag = -9.990e-29
*END*
[from data line 263]
      2.270    15.1187  42.811696    34.7966     0.0917 2.3640e+02     0.3689        264  1025.7991     0.0598  0.000e+00
      2.267    15.1278  42.813720    34.7903     0.0911 2.2375e+02     0.3648        265  1025.7922     0.0595  0.000e+00
      2.263    15.1406  42.810208    34.7758     0.0901 2.2312e+02     0.3604        266  1025.7782     0.0577  0.000e+00
      2.254    15.1428  42.830662    34.7923     0.0905 2.2414e+02     0.3610        267  1025.7904     0.0562  0.000e+00
      2.225    15.1501  42.824517    34.7803     0.0906 2.4217e+02     0.3585        268  1025.7794     0.0549  0.000e+00
      2.204    15.1508  42.826137    34.7812     0.0903 2.6265e+02     0.3586        269  1025.7798     0.0574  0.000e+00
      2.172    15.1510  42.818171    34.7737     0.0902 2.5957e+02     0.3652        270  1025.7739     0.0571  0.000e+00
      2.153    15.1524  42.822424    34.7764     0.0904 2.4776e+02     0.3655        271  1025.7755     0.0578  0.000e+00
      2.143    15.1547  42.824651    34.7764     0.0894 2.4568e+02     0.3666        272  1025.7750     0.0584  0.000e+00
      2.135    15.1607  42.826676    34.7729     0.0891 2.3380e+02     0.3665        273  1025.7709     0.0594  0.000e+00
      2.141    15.1636  42.819655    34.7639     0.0902 2.2371e+02     0.3687        274  1025.7634     0.0615  0.000e+00
      2.135    15.1603  42.830659    34.7769     0.0902 2.3657e+02     0.3692        275  1025.7741     0.0591  0.000e+00
      2.122    15.1631  42.833157    34.7766     0.0905 2.5061e+02     0.3595        276  1025.7732     0.0584  0.000e+00
      2.099    15.1668  42.831806    34.7722     0.0904 2.5416e+02     0.3593        277  1025.7689     0.0556  0.000e+00
      2.084    15.1670  42.827147    34.7677     0.0924 2.4982e+02     0.3646        278  1025.7653     0.0558  0.000e+00
      2.078    15.1696  42.833628    34.7712     0.0929 2.3883e+02     0.3645        279  1025.7674     0.0562  0.000e+00
      2.078    15.1721  42.832885    34.7684     0.0903 2.3216e+02     0.3702        280  1025.7647     0.0562  0.000e+00
      2.080    15.1717  42.828159    34.7645     0.0902 2.2569e+02     0.3698        281  1025.7618     0.0560  0.000e+00
      2.078    15.1704  42.836126    34.7728     0.0918 2.2724e+02     0.3586        282  1025.7685     0.0578  0.000e+00
      2.065    15.1752  42.837611    34.7699     0.0918 2.4452e+02     0.3584        283  1025.7652     0.0578  0.000e+00
      2.053    15.1798  42.832614    34.7613     0.0915 2.5712e+02     0.3644        284  1025.7574     0.0589  0.000e+00
      2.040    15.1807  42.827888    34.7562     0.0918 2.4894e+02     0.3646        285  1025.7532     0.0584  0.000e+00
      2.029    15.1803  42.833897    34.7620     0.0905 2.4768e+02     0.3669        286  1025.7577     0.0592  0.000e+00
      2.021    15.1774  42.837138    34.7676     0.0903 2.4456e+02     0.3668        287  1025.7627     0.0583  0.000e+00
      2.021    15.1710  42.831602    34.7682     0.0903 2.2989e+02     0.3692        288  1025.7645     0.0554  0.000e+00
      2.028    15.1679  42.831130    34.7705     0.0903 2.2545e+02     0.3687        289  1025.7670     0.0568  0.000e+00
      2.023    15.1677  42.839097    34.7780     0.0929 2.3891e+02     0.3605        290  1025.7728     0.0578  0.000e+00
      2.015    15.1739  42.841595    34.7747     0.0926 2.5358e+02     0.3605        291  1025.7689     0.0564  0.000e+00
