rawData/offShoreCTD/Station_50.cnv
* Sea-Bird SBE 19plus V2 Data File:
* FileName = C:\Data\CTD\2024\SOES3018 Plymouth\Station_50.hex
* Software Version Seasave V 7.26.7.121
* Temperature SN = 7086
* Conductivity SN = 7086
* System UpLoad Time = Jul 05 2024 12:24:31
* NMEA Latitude = 50 19.74 N
* NMEA Longitude = 004 11.24 W
* NMEA UTC (Time) = Jul 05 2024  12:23:40
** Ship: Callista
** Station: 50
** Operator: Edan
# nquan = 11
# nvalues = 291                                   
# units = specified
# name 0 = prDM: Pressure, Digiquartz [db]
# name 1 = tv290C: Temperature [ITS-90, deg C]
# name 2 = c0mS/cm: Conductivity [mS/cm]
# name 3 = sal00: Salinity, Practical [PSU]
# name 4 = flECO-AFL: Fluorescence, WET Labs ECO-AFL/FL [mg/m^3]
# name 5 = par: PAR/Irradiance, Biospherical/Licor [umol photons/m^2/sec]
# name 6 = turbWETntu0: Turbidity, WET Labs ECO [NTU]
# name 7 = scan: Scan Count
# name 8 = density00: Density [density, kg/m^3]
# name 9 = cdomflTC0: CDOM, Turner Cyclops [ppb QS]
# name 10 = flag:  0.000e+00
# span 0 =      1.623,     10.594                 
# span 1 =    14.8864,    15.3762                 
# span 2 =  42.747857,  42.980013                 
# span 3 =    34.6857,    34.9934                 
# span 4 =     0.0771,     0.0952                 
# span 5 = 1.9821e+01, 3.0760e+02                 
# span 6 =     0.3340,     0.5769                 
# span 7 =          1,        291                 
# span 8 =  1025.6578,  1026.0368                 
# span 9 =     0.0470,     0.0615                 
# span 10 = 0.0000e+00, 0.0000e+00                
# interval = seconds: 0.5
# start_time = Jul 05 2024 12:23:41 [NMEA time, first data scan]
# bad_flag = -9.990e-29
*END*
[from data line 132]
     10.387    14.9688  42.801558    34.9179     0.0805 2.0686e+01     0.3382        133  1025.9616     0.0504  0.000e+00
     10.412    14.9812  42.797574    34.9032     0.0818 2.0675e+01     0.3429        134  1025.9477     0.0519  0.000e+00
     10.424    14.9858  42.796358    34.8979     0.0837 2.0694e+01     0.3475        135  1025.9426     0.0514  0.000e+00
     10.437    14.9829  42.802028    34.9057     0.0818 2.0683e+01     0.3424        136  1025.9493     0.0495  0.000e+00
     10.456    14.9806  42.816541    34.9210     0.0808 2.0624e+01     0.3381        137  1025.9617     0.0495  0.000e+00
     10.481    14.9819  42.817959    34.9211     0.0806 2.0479e+01     0.3382        138  1025.9617     0.0483  0.000e+00
     10.506    14.9806  42.818499    34.9227     0.0808 2.0260e+01     0.3394        139  1025.9633     0.0496  0.000e+00
     10.544    14.9708  42.819513    34.9325     0.0811 1.9979e+01     0.3399        140  1025.9731     0.0494  0.000e+00
     10.569    14.9667  42.829438    34.9451     0.0812 1.9821e+01     0.3394        141  1025.9839     0.0509  0.000e+00
     10.569    14.9698  42.815328    34.9295     0.0799 1.9870e+01     0.3390        142  1025.9712     0.0500  0.000e+00
     10.544    14.9869  42.792714    34.8936     0.0792 2.0114e+01     0.3391        143  1025.9396     0.0500  0.000e+00
     10.519    14.9815  42.787113    34.8933     0.0803 2.0617e+01     0.3378        144  1025.9405     0.0493  0.000e+00
     10.487    14.9764  42.789138    34.8998     0.0818 2.1241e+01     0.3368        145  1025.9464     0.0497  0.000e+00
     10.456    14.9812  42.811006    34.9154     0.0812 2.1434e+01     0.3396        146  1025.9572     0.0483  0.000e+00
     10.443    14.9800  42.804054    34.9101     0.0808 2.1107e+01     0.3429        147  1025.9534     0.0486  0.000e+00
     10.457    14.9641  42.788128    34.9098     0.0799 2.0497e+01     0.3476        148  1025.9567     0.0497  0.000e+00
     10.525    14.9434  42.785162    34.9256     0.0794 2.0110e+01     0.3525        149  1025.9737     0.0496  0.000e+00
     10.575    14.9228  42.799810    34.9575     0.0791 1.9902e+01     0.3533        150  1026.0031     0.0486  0.000e+00
     10.594    14.9184  42.788405    34.9510     0.0782 2.0167e+01     0.3549        151  1025.9991     0.0481  0.000e+00
     10.569    14.9328  42.778212    34.9287     0.0786 2.0683e+01     0.3493        152  1025.9787     0.0484  0.000e+00
     10.544    14.9349  42.778212    34.9269     0.0783 2.1129e+01     0.3439        153  1025.9767     0.0480  0.000e+00
     10.512    14.9335  42.791574    34.9403     0.0795 2.1241e+01     0.3413        154  1025.9872     0.0492  0.000e+00
     10.494    14.9368  42.794881    34.9405     0.0811 2.1107e+01     0.3379        155  1025.9865     0.0497  0.000e+00
     10.487    14.9363  42.794071    34.9401     0.0803 2.0873e+01     0.3407        156  1025.9863     0.0470  0.000e+00
     10.481    14.9284  42.797311    34.9502     0.0795 2.0903e+01     0.3426        157  1025.9958     0.0478  0.000e+00
     10.487    14.9256  42.806289    34.9610     0.0796 2.1025e+01     0.3400        158  1026.0047     0.0472  0.000e+00
     10.481    14.9238  42.809394    34.9653     0.0795 2.0981e+01     0.3362        159  1026.0084     0.0500  0.000e+00
     10.500    14.9160  42.800080    34.9639     0.0805 2.0719e+01     0.3365        160  1026.0092     0.0500  0.000e+00
     10.531    14.9019  42.797855    34.9745     0.0784 2.0403e+01     0.3351        161  1026.0205     0.0499  0.000e+00
     10.563    14.8950  42.811761    34.9934     0.0789 2.0213e+01     0.3363        162  1026.0368     0.0488  0.000e+00
     10.563    14.9092  42.783682    34.9550     0.0771 2.0278e+01     0.3484        163  1026.0041     0.0498  0.000e+00
     10.544    14.9232  42.775717    34.9351     0.0777 2.0541e+01     0.3480        164  1025.9855     0.0481  0.000e+00
     10.519    14.9214  42.777404    34.9383     0.0771 2.0973e+01     0.3439        165  1025.9883     0.0492  0.000e+00
     10.494    14.9228  42.783410    34.9425     0.0771 2.1294e+01     0.3441        166  1025.9912     0.0489  0.000e+00
     10.469    14.9258  42.795354    34.9508     0.0807 2.1563e+01     0.3617        167  1025.9967     0.0481  0.000e+00
     10.443    14.9252  42.786648    34.9434     0.0811 2.1502e+01     0.3619        168  1025.9911     0.0496  0.000e+00
     10.444    14.9075  42.766002    34.9403     0.0821 2.1058e+01     0.3451        169  1025.9926     0.0503  0.000e+00
     10.475    14.8864  42.747857    34.9427     0.0822 2.0632e+01     0.3452        170  1025.9991     0.0504  0.000e+00
     10.525    14.8891  42.757774    34.9493     0.0798 2.0447e+01     0.3535        171  1026.0039     0.0494  0.000e+00
     10.550    14.8945  42.769513    34.9551     0.0795 2.0526e+01     0.3539        172  1026.0073     0.0520  0.000e+00
     10.550    14.8977  42.764520    34.9477     0.0786 2.0730e+01     0.3496        173  1026.0009     0.0508  0.000e+00
     10.531    14.8998  42.766274    34.9475     0.0783 2.0851e+01     0.3498        174  1026.0002     0.0509  0.000e+00
     10.519    14.9041  42.772278    34.9491     0.0806 2.0759e+01     0.3440        175  1026.0004     0.0512  0.000e+00
     10.512    14.9069  42.783007    34.9564     0.0807 2.0621e+01     0.3438        176  1026.0054     0.0504  0.000e+00
     10.506    14.9085  42.787393    34.9590     0.0829 2.0650e+01     0.3420        177  1026.0071     0.0504  0.000e+00
     10.487    14.9102  42.778418    34.9493     0.0828 2.1070e+01     0.3412        178  1025.9991     0.0508  0.000e+00
     10.469    14.9161  42.773693    34.9396     0.0794 2.1711e+01     0.3463        179  1025.9903     0.0517  0.000e+00
     10.437    14.9214  42.780373    34.9410     0.0799 2.2310e+01     0.3468        180  1025.9901     0.0499  0.000e+00
     10.393    14.9242  42.786918    34.9445     0.0810 2.2543e+01     0.3390        181  1025.9919     0.0505  0.000e+00
     10.362    14.9245  42.788605    34.9458     0.0812 2.2571e+01     0.3392        182  1025.9927     0.0484  0.000e+00
     10.330    14.9252  42.788605    34.9451     0.0825 2.2799e+01     0.3417        183  1025.9919     0.0493  0.000e+00
     10.274    14.9301  42.774433    34.9278     0.0818 2.3337e+01     0.3416        184  1025.9773     0.0505  0.000e+00
     10.211    14.9360  42.770990    34.9195     0.0812 2.4350e+01     0.3346        185  1025.9692     0.0517  0.000e+00
     10.117    14.9384  42.769978    34.9164     0.0810 2.6061e+01     0.3340        186  1025.9659     0.0516  0.000e+00
     10.004    14.9403  42.772946    34.9175     0.0820 2.8454e+01     0.3603        187  1025.9659     0.0510  0.000e+00
      9.878    14.9400  42.773215    34.9180     0.0818 3.0565e+01     0.3606        188  1025.9657     0.0498  0.000e+00
      9.746    14.9402  42.779895    34.9240     0.0818 3.2722e+01     0.3380        189  1025.9698     0.0482  0.000e+00
      9.621    14.9408  42.777195    34.9211     0.0822 3.3481e+01     0.3378        190  1025.9668     0.0472  0.000e+00
      9.514    14.9399  42.773686    34.9187     0.0819 3.3451e+01     0.3442        191  1025.9647     0.0480  0.000e+00
      9.413    14.9379  42.774901    34.9216     0.0821 3.3498e+01     0.3440        192  1025.9669     0.0491  0.000e+00
      9.313    14.9372  42.775170    34.9226     0.0795 3.4184e+01     0.3428        193  1025.9674     0.0513  0.000e+00
      9.199    14.9389  42.770244    34.9166     0.0800 3.5805e+01     0.3431        194  1025.9619     0.0515  0.000e+00
      9.067    14.9389  42.765722    34.9125     0.0818 3.9040e+01     0.3478        195  1025.9581     0.0509  0.000e+00
      8.916    14.9489  42.761335    34.8996     0.0818 4.3591e+01     0.3478        196  1025.9453     0.0527  0.000e+00
      8.753    14.9619  42.760253    34.8871     0.0867 4.8388e+01     0.3538        197  1025.9321     0.0530  0.000e+00
      8.591    14.9683  42.763760    34.8846     0.0869 5.1536e+01     0.3537        198  1025.9281     0.0518  0.000e+00
      8.432    14.9697  42.761532    34.8814     0.0855 5.2803e+01     0.3578        199  1025.9246     0.0530  0.000e+00
      8.287    14.9719  42.760519    34.8785     0.0856 5.3495e+01     0.3587        200  1025.9212     0.0531  0.000e+00
      8.149    14.9722  42.760519    34.8783     0.0834 5.5314e+01     0.3545        201  1025.9204     0.0520  0.000e+00
      8.017    14.9716  42.760991    34.8793     0.0832 5.8447e+01     0.3547        202  1025.9207     0.0535  0.000e+00
      7.878    14.9719  42.759978    34.8782     0.0829 6.2588e+01     0.3548        203  1025.9191     0.0517  0.000e+00
      7.739    14.9728  42.760247    34.8777     0.0832 6.7448e+01     0.3545        204  1025.9180     0.0519  0.000e+00
      7.588    14.9712  42.760382    34.8793     0.0855 7.1191e+01     0.3508        205  1025.9189     0.0530  0.000e+00
      7.443    14.9708  42.760786    34.8801     0.0854 7.4970e+01     0.3509        206  1025.9190     0.0539  0.000e+00
      7.299    14.9716  42.762472    34.8810     0.0849 7.6826e+01     0.3630        207  1025.9188     0.0532  0.000e+00
      7.160    14.9715  42.762471    34.8812     0.0855 7.8520e+01     0.3632        208  1025.9184     0.0525  0.000e+00
      7.021    14.9715  42.761931    34.8807     0.0871 8.2310e+01     0.3655        209  1025.9174     0.0542  0.000e+00
      6.870    14.9772  42.764494    34.8780     0.0865 8.8683e+01     0.3651        210  1025.9134     0.0534  0.000e+00
      6.721    14.9968  42.767729    34.8635     0.0866 9.8069e+01     0.3643        211  1025.8972     0.0529  0.000e+00
      6.561    15.0125  42.769211    34.8509     0.0865 1.0835e+02     0.3642        212  1025.8833     0.0552  0.000e+00
      6.396    15.0154  42.767725    34.8470     0.0886 1.1812e+02     0.3712        213  1025.8789     0.0541  0.000e+00
      6.245    15.0137  42.764486    34.8456     0.0890 1.2648e+02     0.3713        214  1025.8776     0.0548  0.000e+00
      6.094    15.0188  42.768466    34.8448     0.0894 1.2989e+02     0.3784        215  1025.8752     0.0536  0.000e+00
      5.951    15.0295  42.771500    34.8380     0.0892 1.3025e+02     0.3851        216  1025.8670     0.0547  0.000e+00
      5.823    15.0394  42.773387    34.8309     0.0889 1.3189e+02     0.3782        217  1025.8588     0.0558  0.000e+00
      5.690    15.0412  42.769473    34.8258     0.0880 1.3862e+02     0.3704        218  1025.8539     0.0565  0.000e+00
      5.555    15.0403  42.777232    34.8338     0.0885 1.5510e+02     0.3698        219  1025.8596     0.0552  0.000e+00
      5.407    15.0463  42.778918    34.8300     0.0893 1.7408e+02     0.3688        220  1025.8547     0.0558  0.000e+00
      5.255    15.0533  42.780806    34.8256     0.0920 2.0026e+02     0.3746        221  1025.8491     0.0562  0.000e+00
      5.110    15.0543  42.772640    34.8173     0.0952 1.9643e+02     0.3797        222  1025.8418     0.0545  0.000e+00
      4.961    15.0531  42.772909    34.8186     0.0941 2.0550e+02     0.3873        223  1025.8425     0.0564  0.000e+00
      4.826    15.0535  42.772167    34.8177     0.0930 2.1316e+02     0.3944        224  1025.8410     0.0568  0.000e+00
      4.687    15.0550  42.771491    34.8158     0.0927 2.2411e+02     0.3874        225  1025.8387     0.0572  0.000e+00
      4.548    15.0550  42.767712    34.8124     0.0927 2.3001e+02     0.3797        226  1025.8354     0.0580  0.000e+00
      4.421    15.0554  42.770410    34.8145     0.0931 2.4026e+02     0.3790        227  1025.8364     0.0578  0.000e+00
      4.288    15.0562  42.765956    34.8098     0.0941 2.4776e+02     0.3784        228  1025.8320     0.0581  0.000e+00
      4.162    15.0565  42.765349    34.8090     0.0943 2.5541e+02     0.3777        229  1025.8308     0.0574  0.000e+00
      4.039    15.0570  42.771151    34.8140     0.0939 2.6390e+02     0.3766        230  1025.8339     0.0549  0.000e+00
      3.928    15.0604  42.780597    34.8196     0.0927 2.5835e+02     0.3803        231  1025.8370     0.0562  0.000e+00
      3.827    15.0664  42.784577    34.8179     0.0915 2.3282e+02     0.3844        232  1025.8339     0.0564  0.000e+00
      3.732    15.0713  42.785116    34.8140     0.0907 2.3021e+02     0.3793        233  1025.8295     0.0561  0.000e+00
      3.649    15.0753  42.785115    34.8105     0.0906 2.2752e+02     0.3742        234  1025.8255     0.0562  0.000e+00
      3.574    15.0766  42.782888    34.8073     0.0908 2.1958e+02     0.3721        235  1025.8224     0.0568  0.000e+00
      3.498    15.0749  42.789096    34.8145     0.0916 2.3611e+02     0.3713        236  1025.8280     0.0589  0.000e+00
      3.416    15.0767  42.788893    34.8128     0.0908 2.4881e+02     0.3740        237  1025.8259     0.0591  0.000e+00
      3.329    15.0770  42.788825    34.8125     0.0906 2.4955e+02     0.3764        238  1025.8253     0.0568  0.000e+00
      3.251    15.0766  42.785113    34.8095     0.0906 2.5798e+02     0.3747        239  1025.8227     0.0558  0.000e+00
      3.175    15.0770  42.786867    34.8108     0.0904 2.4969e+02     0.3729        240  1025.8232     0.0580  0.000e+00
      3.109    15.0793  42.788352    34.8101     0.0911 2.4452e+02     0.3721        241  1025.8219     0.0588  0.000e+00
      3.049    15.0815  42.787474    34.8073     0.0918 2.4885e+02     0.3714        242  1025.8190     0.0578  0.000e+00
      2.996    15.0833  42.787608    34.8059     0.0912 2.3950e+02     0.3732        243  1025.8173     0.0575  0.000e+00
      2.952    15.0845  42.790307    34.8073     0.0901 2.3335e+02     0.3746        244  1025.8179     0.0578  0.000e+00
      2.909    15.0850  42.789295    34.8059     0.0908 2.3249e+02     0.3723        245  1025.8165     0.0575  0.000e+00
      2.865    15.0846  42.789565    34.8066     0.0916 2.3520e+02     0.3701        246  1025.8169     0.0574  0.000e+00
      2.820    15.0850  42.797798    34.8137     0.0906 2.3899e+02     0.3765        247  1025.8221     0.0581  0.000e+00
      2.770    15.0916  42.797257    34.8074     0.0902 2.5176e+02     0.3829        248  1025.8156     0.0576  0.000e+00
      2.719    15.0920  42.791048    34.8014     0.0916 2.5894e+02     0.3795        249  1025.8107     0.0590  0.000e+00
      2.675    15.0911  42.791723    34.8028     0.0927 2.3582e+02     0.3759        250  1025.8117     0.0582  0.000e+00
      2.644    15.0919  42.791047    34.8015     0.0913 2.4763e+02     0.3736        251  1025.8104     0.0568  0.000e+00
      2.605    15.0924  42.788550    34.7988     0.0893 2.4969e+02     0.3714        252  1025.8081     0.0566  0.000e+00
      2.568    15.0920  42.790305    34.8008     0.0905 2.4607e+02     0.3700        253  1025.8095     0.0580  0.000e+00
      2.530    15.0907  42.787200    34.7991     0.0918 2.4357e+02     0.3680        254  1025.8083     0.0591  0.000e+00
      2.505    15.0913  42.790305    34.8014     0.0908 2.4072e+02     0.3716        255  1025.8099     0.0568  0.000e+00
      2.479    15.0973  42.794016    34.7994     0.0902 2.3799e+02     0.3761        256  1025.8069     0.0593  0.000e+00
      2.453    15.1024  42.789088    34.7904     0.0903 2.2720e+02     0.3728        257  1025.7987     0.0593  0.000e+00
      2.437    15.1030  42.795094    34.7954     0.0902 2.3611e+02     0.3695        258  1025.8023     0.0587  0.000e+00
      2.411    15.0994  42.801777    34.8047     0.0911 2.3599e+02     0.3659        259  1025.8102     0.0561  0.000e+00
      2.377    15.1033  42.805016    34.8041     0.0914 2.4785e+02     0.3619        260  1025.8088     0.0555  0.000e+00
      2.348    15.1072  42.806500    34.8020     0.0902 2.6418e+02     0.3623        261  1025.8061     0.0546  0.000e+00
      2.311    15.1075  42.798873    34.7948     0.0892 2.5780e+02     0.3631        262  1025.8004     0.0558  0.000e+00
