rawData/offShoreCTD/Station_47.cnv
* Sea-Bird SBE 19plus V2 Data File:
* FileName = C:\Data\CTD\2024\SOES3018 Plymouth\Station_47.hex
* Software Version Seasave V 7.26.7.121
* Temperature SN = 7086
* Conductivity SN = 7086
* System UpLoad Time = Jul 05 2024 09:53:17
* NMEA Latitude = 50 20.17 N
* NMEA Longitude = 004 09.22 W
* NMEA UTC (Time) = Jul 05 2024  09:52:27
** Ship: Callista
** Station: 47
** Operator: Edan
# nquan = 11
# nvalues = 332                                   
# units = specified
# name 0 = prDM: Pressure, Digiquartz [db]
# name 1 = tv290C: Temperature [ITS-90, deg C]
# name 2 = c0mS/cm: Conductivity [mS/cm]
# name 3 = sal00: Salinity, Practical [PSU]
# name 4 = flECO-AFL: Fluorescence, WET Labs ECO-AFL/FL [mg/m^3]
# name 5 = par: PAR/Irradiance, Biospherical/Licor [umol photons/m^2/sec]
# name 6 = turbWETntu0: Turbidity, WET Labs ECO [NTU]
# name 7 = scan: Scan Count
# name 8 = density00: Density [density, kg/m^3]
# name 9 = cdomflTC0: CDOM, Turner Cyclops [ppb QS]
# name 10 = flag:  0.000e+00
# span 0 =      1.307,     10.997                 
# span 1 =    15.0916,    15.3652                 
# span 2 =  42.828946,  42.946618                 
# span 3 =    34.6555,    34.8626                 
# span 4 =     0.0725,     0.0854                 
# span 5 = 4.5842e+01, 9.7423e+02                 
# span 6 =     0.3620,     0.4046                 
# span 7 =          1,        332                 
# span 8 =  1025.6428,  1025.8905                 
# span 9 =     0.0527,     0.0665                 
# span 10 = 0.0000e+00, 0.0000e+00                
# interval = seconds: 0.5
# start_time = Jul 05 2024 09:52:27 [NMEA time, first data scan]
# bad_flag = -9.990e-29
*END*
[from data line 263]
      2.538    15.3312  42.903173    34.6908     0.0774 7.5952e+02     0.3856        264  1025.6717     0.0626  0.000e+00
      2.501    15.3318  42.898917    34.6864     0.0756 7.4524e+02     0.3903        265  1025.6680     0.0624  0.000e+00
      2.461    15.3308  42.886486    34.6761     0.0750 7.7734e+02     0.3893        266  1025.6601     0.0611  0.000e+00
      2.423    15.3296  42.902092    34.6912     0.0762 7.6219e+02     0.3883        267  1025.6719     0.0619  0.000e+00
      2.381    15.3369  42.911685    34.6935     0.0767 7.8296e+02     0.3884        268  1025.6718     0.0616  0.000e+00
      2.343    15.3479  42.908913    34.6813     0.0751 7.6568e+02     0.3919        269  1025.6598     0.0629  0.000e+00
      2.309    15.3487  42.885740    34.6596     0.0753 7.7176e+02     0.3915        270  1025.6428     0.0619  0.000e+00
      2.271    15.3467  42.886821    34.6624     0.0744 8.1884e+02     0.3938        271  1025.6451     0.0620  0.000e+00
      2.246    15.3463  42.886348    34.6624     0.0740 7.3149e+02     0.3937        272  1025.6451     0.0627  0.000e+00
      2.211    15.3460  42.883241    34.6598     0.0756 7.7707e+02     0.3859        273  1025.6431     0.0655  0.000e+00
      2.182    15.3436  42.900940    34.6779     0.0753 8.4248e+02     0.3857        274  1025.6574     0.0645  0.000e+00
      2.148    15.3377  42.906414    34.6881     0.0767 7.7953e+02     0.3922        275  1025.6664     0.0632  0.000e+00
      2.119    15.3377  42.887970    34.6714     0.0769 8.0798e+02     0.3924        276  1025.6535     0.0650  0.000e+00
      2.092    15.3355  42.886552    34.6722     0.0757 8.1439e+02     0.3914        277  1025.6544     0.0616  0.000e+00
      2.067    15.3359  42.895266    34.6797     0.0757 7.7298e+02     0.3913        278  1025.6600     0.0627  0.000e+00
      2.037    15.3346  42.913170    34.6970     0.0744 7.9866e+02     0.3869        279  1025.6735     0.0607  0.000e+00
      2.017    15.3444  42.915939    34.6909     0.0743 7.9572e+02     0.3865        280  1025.6665     0.0635  0.000e+00
      1.992    15.3515  42.915668    34.6843     0.0743 8.0161e+02     0.3868        281  1025.6598     0.0638  0.000e+00
      1.972    15.3545  42.916140    34.6821     0.0748 7.7857e+02     0.3865        282  1025.6573     0.0625  0.000e+00
      1.948    15.3553  42.918640    34.6837     0.0739 8.3233e+02     0.3925        283  1025.6582     0.0626  0.000e+00
      1.928    15.3555  42.903708    34.6700     0.0746 8.0514e+02     0.3928        284  1025.6475     0.0620  0.000e+00
      1.903    15.3548  42.902154    34.6693     0.0769 7.7393e+02     0.3892        285  1025.6471     0.0652  0.000e+00
      1.891    15.3555  42.903910    34.6702     0.0766 8.0401e+02     0.3893        286  1025.6475     0.0649  0.000e+00
      1.872    15.3561  42.911680    34.6767     0.0754 7.8448e+02     0.3846        287  1025.6524     0.0645  0.000e+00
      1.859    15.3537  42.921884    34.6881     0.0754 7.6461e+02     0.3843        288  1025.6616     0.0616  0.000e+00
      1.840    15.3569  42.919923    34.6834     0.0755 8.1970e+02     0.3902        289  1025.6572     0.0617  0.000e+00
      1.828    15.3557  42.908166    34.6739     0.0756 7.6743e+02     0.3896        290  1025.6501     0.0623  0.000e+00
      1.815    15.3538  42.907423    34.6749     0.0752 8.0105e+02     0.3885        291  1025.6512     0.0629  0.000e+00
      1.803    15.3521  42.914653    34.6830     0.0753 8.2215e+02     0.3896        292  1025.6578     0.0638  0.000e+00
      1.789    15.3510  42.921411    34.6901     0.0769 7.7734e+02     0.3868        293  1025.6634     0.0651  0.000e+00
      1.777    15.3547  42.916139    34.6821     0.0769 7.7108e+02     0.3865        294  1025.6564     0.0641  0.000e+00
      1.771    15.3554  42.908437    34.6745     0.0766 7.8834e+02     0.3918        295  1025.6503     0.0618  0.000e+00
      1.765    15.3548  42.913639    34.6797     0.0768 7.8008e+02     0.3919        296  1025.6545     0.0621  0.000e+00
      1.752    15.3539  42.924383    34.6902     0.0781 8.0472e+02     0.3942        297  1025.6627     0.0640  0.000e+00
      1.740    15.3562  42.918436    34.6828     0.0781 8.1139e+02     0.3933        298  1025.6564     0.0636  0.000e+00
      1.726    15.3550  42.913639    34.6795     0.0789 7.8310e+02     0.3925        299  1025.6541     0.0628  0.000e+00
      1.721    15.3543  42.913909    34.6804     0.0789 8.3014e+02     0.3923        300  1025.6549     0.0631  0.000e+00
      1.714    15.3548  42.920396    34.6859     0.0780 7.5103e+02     0.3917        301  1025.6590     0.0635  0.000e+00
      1.708    15.3552  42.923167    34.6880     0.0779 7.5686e+02     0.3915        302  1025.6605     0.0652  0.000e+00
      1.702    15.3548  42.915936    34.6818     0.0769 8.2795e+02     0.3951        303  1025.6558     0.0649  0.000e+00
      1.694    15.3541  42.914382    34.6810     0.0770 7.6851e+02     0.3949        304  1025.6553     0.0648  0.000e+00
      1.688    15.3533  42.912558    34.6800     0.0777 7.5859e+02     0.3949        305  1025.6547     0.0634  0.000e+00
      1.683    15.3531  42.912693    34.6804     0.0766 7.6663e+02     0.3933        306  1025.6550     0.0624  0.000e+00
      1.683    15.3535  42.912153    34.6795     0.0767 7.7926e+02     0.3952        307  1025.6543     0.0612  0.000e+00
      1.677    15.3530  42.908639    34.6768     0.0753 7.6541e+02     0.3964        308  1025.6522     0.0623  0.000e+00
      1.677    15.3525  42.907423    34.6762     0.0755 7.4185e+02     0.3928        309  1025.6519     0.0636  0.000e+00
      1.675    15.3523  42.905937    34.6750     0.0757 7.6179e+02     0.3879        310  1025.6510     0.0625  0.000e+00
      1.683    15.3527  42.906207    34.6749     0.0756 7.3847e+02     0.3898        311  1025.6508     0.0642  0.000e+00
      1.689    15.3525  42.904653    34.6737     0.0765 7.4407e+02     0.3915        312  1025.6500     0.0632  0.000e+00
      1.696    15.3524  42.904923    34.6740     0.0776 7.4394e+02     0.3900        313  1025.6503     0.0642  0.000e+00
      1.708    15.3525  42.903437    34.6725     0.0775 7.0203e+02     0.3893        314  1025.6492     0.0631  0.000e+00
      1.720    15.3522  42.907694    34.6766     0.0783 7.3613e+02     0.3903        315  1025.6524     0.0626  0.000e+00
      1.726    15.3500  42.915937    34.6860     0.0791 7.3976e+02     0.3917        316  1025.6602     0.0634  0.000e+00
      1.733    15.3450  42.917154    34.6915     0.0789 6.7209e+02     0.3925        317  1025.6656     0.0633  0.000e+00
      1.752    15.3426  42.909452    34.6867     0.0793 7.2433e+02     0.3937        318  1025.6625     0.0629  0.000e+00
      1.765    15.3418  42.914925    34.6924     0.0801 7.0710e+02     0.3916        319  1025.6671     0.0642  0.000e+00
      1.777    15.3427  42.923642    34.6995     0.0813 6.7044e+02     0.3902        320  1025.6724     0.0649  0.000e+00
      1.777    15.3476  42.924046    34.6955     0.0813 7.1121e+02     0.3923        321  1025.6682     0.0653  0.000e+00
      1.784    15.3486  42.913640    34.6851     0.0805 7.1850e+02     0.3948        322  1025.6601     0.0639  0.000e+00
      1.784    15.3482  42.913438    34.6853     0.0775 6.9870e+02     0.3916        323  1025.6603     0.0623  0.000e+00
      1.790    15.3478  42.913438    34.6857     0.0756 6.8017e+02     0.3893        324  1025.6607     0.0616  0.000e+00
      1.796    15.3478  42.912694    34.6850     0.0765 7.0153e+02     0.3915        325  1025.6603     0.0652  0.000e+00
      1.796    15.3480  42.913167    34.6853     0.0777 7.0055e+02     0.3931        326  1025.6604     0.0653  0.000e+00
      1.802    15.3480  42.918100    34.6897     0.0795 6.7470e+02     0.3944        327  1025.6639     0.0644  0.000e+00
      1.803    15.3463  42.922425    34.6952     0.0802 7.5222e+02     0.3950        328  1025.6684     0.0621  0.000e+00
      1.803    15.3467  42.920938    34.6934     0.0799 6.7351e+02     0.3930        329  1025.6670     0.0640  0.000e+00
      1.803    15.3467  42.915668    34.6886     0.0792 7.2573e+02     0.3902        330  1025.6633     0.0645  0.000e+00
      1.808    15.3462  42.914654    34.6882     0.0792 7.0043e+02     0.3924        331  1025.6631     0.0638  0.000e+00
      1.808    15.3456  42.922357    34.6957     0.0801 6.9920e+02     0.3938        332  1025.6690     0.0606  0.000e+00
