rawData/offShoreCTD/Station_46.cnv
* Sea-Bird SBE 19plus V2 Data File:
* FileName = C:\Data\CTD\2024\SOES3018 Plymouth\Station_46.hex
* Software Version Seasave V 7.26.7.121
* Temperature SN = 7086
* Conductivity SN = 7086
* System UpLoad Time = Jul 05 2024 08:41:25
* NMEA Latitude = 50 19.69 N
* NMEA Longitude = 004 11.20 W
* NMEA UTC (Time) = Jul 05 2024  08:40:34
** Ship: Callista
** Station: 46
** Operator: Edan
# nquan = 11
# nvalues = 552                                   
# units = specified
# name 0 = prDM: Pressure, Digiquartz [db]
# name 1 = tv290C: Temperature [ITS-90, deg C]
# name 2 = c0mS/cm: Conductivity [mS/cm]
# name 3 = sal00: Salinity, Practical [PSU]
# name 4 = flECO-AFL: Fluorescence, WET Labs ECO-AFL/FL [mg/m^3]
# name 5 = par: PAR/Irradiance, Biospherical/Licor [umol photons/m^2/sec]
# name 6 = turbWETntu0: Turbidity, WET Labs ECO [NTU]
# name 7 = scan: Scan Count
# name 8 = density00: Density [density, kg/m^3]
# name 9 = cdomflTC0: CDOM, Turner Cyclops [ppb QS]
# name 10 = flag:  0.000e+00
# span 0 =      1.391,     11.568                 
# span 1 =    14.5786,    15.0299                 
# span 2 =  42.534073,  42.975191                 
# span 3 =    34.8936,    35.0793                 
# span 4 =     0.0578,     0.1762                 
# span 5 = 1.0158e+02, 1.2556e+03                 
# span 6 =     0.2987,     0.9020                 
# span 7 =          1,        552                 
# span 8 =  1025.9054,  1026.1710                 
# span 9 =     0.0423,     0.0582                 
# span 10 = 0.0000e+00, 0.0000e+00                
# interval = seconds: 0.5
# start_time = Jul 05 2024 08:40:35 [NMEA time, first data scan]
# bad_flag = -9.990e-29
*END*
[from data line 132]
     11.010    14.6168  42.596020    35.0460     0.0686 1.1324e+02     0.3069        133  1026.1399     0.0442  0.000e+00
     11.067    14.6268  42.609021    35.0488     0.0683 1.1170e+02     0.3066        134  1026.1402     0.0462  0.000e+00
     11.155    14.6326  42.601340    35.0365     0.0689 1.0964e+02     0.3077        135  1026.1299     0.0469  0.000e+00
     11.232    14.6267  42.615691    35.0550     0.0684 1.0962e+02     0.3082        136  1026.1457     0.0463  0.000e+00
     11.250    14.6283  42.602486    35.0414     0.0686 1.1119e+02     0.3130        137  1026.1350     0.0436  0.000e+00
     11.244    14.6436  42.603562    35.0286     0.0689 1.1164e+02     0.3129        138  1026.1217     0.0475  0.000e+00
     11.262    14.6490  42.612926    35.0323     0.0699 1.1023e+02     0.3153        139  1026.1235     0.0461  0.000e+00
     11.312    14.6405  42.604304    35.0320     0.0697 1.0750e+02     0.3153        140  1026.1253     0.0462  0.000e+00
     11.381    14.6167  42.606733    35.0557     0.0675 1.0594e+02     0.3166        141  1026.1491     0.0449  0.000e+00
     11.412    14.6020  42.605253    35.0677     0.0676 1.0568e+02     0.3162        142  1026.1616     0.0471  0.000e+00
     11.412    14.6200  42.572852    35.0216     0.0689 1.0613e+02     0.3141        143  1026.1222     0.0461  0.000e+00
     11.381    14.6193  42.572380    35.0218     0.0686 1.0765e+02     0.3142        144  1026.1223     0.0463  0.000e+00
     11.368    14.6165  42.551371    35.0050     0.0692 1.0979e+02     0.3200        145  1026.1100     0.0463  0.000e+00
     11.350    14.6071  42.559183    35.0207     0.0677 1.1166e+02     0.3203        146  1026.1240     0.0456  0.000e+00
     11.325    14.6077  42.579790    35.0391     0.0700 1.1131e+02     0.3183        147  1026.1380     0.0447  0.000e+00
     11.318    14.6068  42.559789    35.0216     0.0689 1.0850e+02     0.3153        148  1026.1246     0.0459  0.000e+00
     11.337    14.5977  42.552114    35.0226     0.0698 1.0603e+02     0.3177        149  1026.1275     0.0469  0.000e+00
     11.381    14.5944  42.568680    35.0408     0.0678 1.0535e+02     0.3187        150  1026.1424     0.0455  0.000e+00
     11.393    14.5953  42.566188    35.0378     0.0676 1.0605e+02     0.3175        151  1026.1400     0.0476  0.000e+00
     11.381    14.6008  42.555346    35.0228     0.0677 1.0765e+02     0.3155        152  1026.1272     0.0457  0.000e+00
     11.362    14.5980  42.550633    35.0211     0.0674 1.0908e+02     0.3150        153  1026.1263     0.0478  0.000e+00
     11.355    14.5953  42.556087    35.0285     0.0674 1.0946e+02     0.3151        154  1026.1326     0.0485  0.000e+00
     11.343    14.5990  42.573932    35.0415     0.0680 1.0873e+02     0.3165        155  1026.1418     0.0491  0.000e+00
     11.349    14.6012  42.572585    35.0384     0.0675 1.0755e+02     0.3175        156  1026.1389     0.0485  0.000e+00
     11.355    14.6009  42.574942    35.0407     0.0676 1.0633e+02     0.3176        157  1026.1408     0.0491  0.000e+00
     11.368    14.6012  42.584236    35.0491     0.0678 1.0574e+02     0.3178        158  1026.1473     0.0458  0.000e+00
     11.368    14.6025  42.565446    35.0306     0.0683 1.0620e+02     0.3217        159  1026.1328     0.0462  0.000e+00
     11.355    14.6088  42.547063    35.0080     0.0689 1.0740e+02     0.3262        160  1026.1138     0.0463  0.000e+00
     11.344    14.6012  42.549892    35.0175     0.0681 1.0795e+02     0.3245        161  1026.1228     0.0467  0.000e+00
     11.337    14.6019  42.577097    35.0419     0.0660 1.0769e+02     0.3239        162  1026.1415     0.0471  0.000e+00
     11.336    14.6032  42.578780    35.0422     0.0670 1.0703e+02     0.3212        163  1026.1414     0.0466  0.000e+00
     11.343    14.6011  42.580532    35.0458     0.0672 1.0628e+02     0.3195        164  1026.1446     0.0462  0.000e+00
     11.343    14.6012  42.585718    35.0505     0.0673 1.0631e+02     0.3207        165  1026.1482     0.0476  0.000e+00
     11.343    14.6012  42.577771    35.0431     0.0680 1.0684e+02     0.3227        166  1026.1425     0.0462  0.000e+00
     11.337    14.6091  42.581541    35.0395     0.0678 1.0704e+02     0.3207        167  1026.1380     0.0458  0.000e+00
     11.337    14.6133  42.594877    35.0480     0.0676 1.0712e+02     0.3189        168  1026.1437     0.0482  0.000e+00
     11.331    14.6121  42.595887    35.0499     0.0670 1.0737e+02     0.3154        169  1026.1454     0.0465  0.000e+00
     11.337    14.6123  42.593934    35.0479     0.0665 1.0803e+02     0.3117        170  1026.1438     0.0477  0.000e+00
     11.331    14.6171  42.578779    35.0297     0.0664 1.0826e+02     0.3124        171  1026.1287     0.0466  0.000e+00
     11.331    14.6262  42.597906    35.0391     0.0668 1.0790e+02     0.3126        172  1026.1340     0.0468  0.000e+00
     11.337    14.6241  42.598378    35.0414     0.0682 1.0697e+02     0.3159        173  1026.1362     0.0456  0.000e+00
     11.355    14.6158  42.599592    35.0500     0.0702 1.0644e+02     0.3187        174  1026.1448     0.0451  0.000e+00
     11.381    14.6130  42.599323    35.0523     0.0692 1.0561e+02     0.3180        175  1026.1473     0.0446  0.000e+00
     11.400    14.6144  42.579924    35.0331     0.0674 1.0518e+02     0.3176        176  1026.1323     0.0465  0.000e+00
     11.400    14.6264  42.557026    35.0012     0.0685 1.0551e+02     0.3161        177  1026.1050     0.0456  0.000e+00
     11.387    14.6179  42.545446    34.9983     0.0689 1.0656e+02     0.3142        178  1026.1046     0.0453  0.000e+00
     11.374    14.6018  42.547805    35.0150     0.0677 1.0791e+02     0.3168        179  1026.1209     0.0459  0.000e+00
     11.362    14.5980  42.569892    35.0388     0.0679 1.0847e+02     0.3192        180  1026.1400     0.0462  0.000e+00
     11.362    14.6011  42.571911    35.0378     0.0673 1.0799e+02     0.3192        181  1026.1386     0.0475  0.000e+00
     11.355    14.5973  42.566457    35.0363     0.0664 1.0737e+02     0.3199        182  1026.1382     0.0466  0.000e+00
     11.362    14.5924  42.571913    35.0456     0.0673 1.0765e+02     0.3169        183  1026.1465     0.0455  0.000e+00
     11.355    14.5886  42.567199    35.0448     0.0673 1.0850e+02     0.3140        184  1026.1466     0.0445  0.000e+00
     11.350    14.5954  42.568747    35.0401     0.0683 1.0929e+02     0.3143        185  1026.1415     0.0439  0.000e+00
     11.350    14.5978  42.575346    35.0440     0.0687 1.0866e+02     0.3153        186  1026.1440     0.0455  0.000e+00
     11.368    14.5940  42.560532    35.0338     0.0685 1.0644e+02     0.3168        187  1026.1370     0.0470  0.000e+00
     11.424    14.5875  42.552587    35.0323     0.0678 1.0437e+02     0.3176        188  1026.1376     0.0459  0.000e+00
     11.475    14.5825  42.562217    35.0456     0.0680 1.0391e+02     0.3156        189  1026.1492     0.0462  0.000e+00
     11.469    14.5866  42.543296    35.0246     0.0676 1.0549e+02     0.3129        190  1026.1320     0.0462  0.000e+00
     11.443    14.5858  42.534073    35.0168     0.0684 1.0829e+02     0.3220        191  1026.1260     0.0439  0.000e+00
     11.431    14.5786  42.545923    35.0342     0.0691 1.1068e+02     0.3309        192  1026.1410     0.0446  0.000e+00
     11.412    14.5815  42.554069    35.0391     0.0680 1.1093e+02     0.3261        193  1026.1440     0.0455  0.000e+00
     11.393    14.5849  42.550904    35.0331     0.0676 1.0889e+02     0.3213        194  1026.1385     0.0454  0.000e+00
     11.393    14.5850  42.544912    35.0275     0.0676 1.0671e+02     0.3215        195  1026.1342     0.0454  0.000e+00
     11.400    14.5829  42.545653    35.0301     0.0676 1.0553e+02     0.3226        196  1026.1367     0.0455  0.000e+00
     11.418    14.5812  42.551646    35.0371     0.0686 1.0678e+02     0.3164        197  1026.1426     0.0450  0.000e+00
     11.393    14.5856  42.546393    35.0283     0.0689 1.0910e+02     0.3106        198  1026.1347     0.0476  0.000e+00
     11.393    14.5875  42.552385    35.0321     0.0700 1.1033e+02     0.3111        199  1026.1372     0.0477  0.000e+00
     11.387    14.5894  42.554338    35.0322     0.0681 1.1037e+02     0.3139        200  1026.1369     0.0468  0.000e+00
     11.374    14.5911  42.555819    35.0321     0.0689 1.0998e+02     0.3143        201  1026.1364     0.0450  0.000e+00
     11.381    14.5931  42.559724    35.0338     0.0680 1.0952e+02     0.3091        202  1026.1373     0.0449  0.000e+00
     11.374    14.5929  42.558310    35.0327     0.0685 1.0810e+02     0.3095        203  1026.1364     0.0443  0.000e+00
     11.424    14.5914  42.552519    35.0287     0.0676 1.0481e+02     0.3092        204  1026.1339     0.0447  0.000e+00
     11.500    14.5907  42.554607    35.0312     0.0676 1.0249e+02     0.3096        205  1026.1364     0.0455  0.000e+00
     11.524    14.5912  42.549625    35.0261     0.0689 1.0342e+02     0.3117        206  1026.1324     0.0446  0.000e+00
     11.493    14.5940  42.544170    35.0186     0.0689 1.0807e+02     0.3116        207  1026.1259     0.0464  0.000e+00
     11.456    14.5937  42.550365    35.0246     0.0699 1.1426e+02     0.3182        208  1026.1304     0.0449  0.000e+00
     11.424    14.5965  42.552855    35.0244     0.0702 1.1738e+02     0.3178        209  1026.1295     0.0463  0.000e+00
     11.393    14.5967  42.546324    35.0182     0.0689 1.1501e+02     0.3150        210  1026.1245     0.0467  0.000e+00
     11.387    14.5947  42.544439    35.0182     0.0691 1.1039e+02     0.3155        211  1026.1250     0.0451  0.000e+00
     11.437    14.5905  42.541208    35.0191     0.0690 1.0688e+02     0.3204        212  1026.1268     0.0439  0.000e+00
     11.525    14.5862  42.543970    35.0254     0.0690 1.0450e+02     0.3203        213  1026.1330     0.0452  0.000e+00
     11.568    14.5854  42.544441    35.0266     0.0696 1.0475e+02     0.3140        214  1026.1342     0.0462  0.000e+00
     11.537    14.5885  42.542219    35.0218     0.0692 1.0720e+02     0.3141        215  1026.1297     0.0460  0.000e+00
     11.519    14.5898  42.545181    35.0233     0.0692 1.1043e+02     0.3167        216  1026.1305     0.0452  0.000e+00
     11.487    14.5937  42.547402    35.0219     0.0690 1.1253e+02     0.3165        217  1026.1285     0.0435  0.000e+00
     11.469    14.5966  42.550364    35.0220     0.0702 1.1276e+02     0.3173        218  1026.1278     0.0447  0.000e+00
     11.450    14.5966  42.548681    35.0205     0.0702 1.1178e+02     0.3175        219  1026.1266     0.0423  0.000e+00
     11.437    14.5947  42.547402    35.0210     0.0690 1.1058e+02     0.3163        220  1026.1273     0.0433  0.000e+00
     11.437    14.5936  42.549893    35.0243     0.0693 1.0994e+02     0.3160        221  1026.1301     0.0463  0.000e+00
     11.431    14.5929  42.553125    35.0279     0.0705 1.0946e+02     0.3249        222  1026.1330     0.0457  0.000e+00
     11.437    14.5923  42.551846    35.0273     0.0704 1.0841e+02     0.3251        223  1026.1327     0.0462  0.000e+00
     11.456    14.5916  42.550365    35.0265     0.0699 1.0639e+02     0.3204        224  1026.1323     0.0486  0.000e+00
     11.475    14.5912  42.554136    35.0303     0.0706 1.0559e+02     0.3206        225  1026.1354     0.0457  0.000e+00
     11.462    14.5945  42.544440    35.0184     0.0704 1.0720e+02     0.3143        226  1026.1255     0.0442  0.000e+00
     11.443    14.5944  42.540467    35.0148     0.0701 1.1027e+02     0.3141        227  1026.1227     0.0453  0.000e+00
     11.424    14.5910  42.543969    35.0212     0.0703 1.1211e+02     0.3127        228  1026.1282     0.0464  0.000e+00
     11.406    14.5909  42.547133    35.0242     0.0703 1.1219e+02     0.3128        229  1026.1305     0.0465  0.000e+00
     11.399    14.5899  42.545181    35.0233     0.0694 1.1099e+02     0.3188        230  1026.1299     0.0469  0.000e+00
     11.393    14.5878  42.541747    35.0221     0.0693 1.0950e+02     0.3188        231  1026.1294     0.0484  0.000e+00
     11.406    14.5856  42.541478    35.0238     0.0705 1.0778e+02     0.3211        232  1026.1313     0.0469  0.000e+00
     11.431    14.5831  42.543970    35.0283     0.0705 1.0665e+02     0.3212        233  1026.1354     0.0462  0.000e+00
     11.443    14.5822  42.544913    35.0300     0.0705 1.0703e+02     0.3153        234  1026.1370     0.0475  0.000e+00
     11.425    14.5866  42.538785    35.0204     0.0704 1.0896e+02     0.3148        235  1026.1286     0.0464  0.000e+00
     11.412    14.5871  42.541007    35.0220     0.0687 1.1008e+02     0.3215        236  1026.1296     0.0475  0.000e+00
     11.412    14.5879  42.544979    35.0250     0.0693 1.0993e+02     0.3215        237  1026.1317     0.0465  0.000e+00
     11.412    14.5882  42.545652    35.0252     0.0705 1.0964e+02     0.3266        238  1026.1319     0.0475  0.000e+00
     11.399    14.5879  42.545854    35.0258     0.0704 1.1004e+02     0.3260        239  1026.1323     0.0467  0.000e+00
     11.393    14.5895  42.543699    35.0223     0.0689 1.1053e+02     0.3142        240  1026.1292     0.0461  0.000e+00
     11.393    14.5916  42.548412    35.0247     0.0693 1.0979e+02     0.3142        241  1026.1307     0.0479  0.000e+00
     11.393    14.5910  42.546325    35.0234     0.0702 1.0793e+02     0.3156        242  1026.1298     0.0466  0.000e+00
     11.431    14.5879  42.545450    35.0254     0.0704 1.0626e+02     0.3152        243  1026.1322     0.0448  0.000e+00
     11.468    14.5858  42.547403    35.0290     0.0694 1.0553e+02     0.3237        244  1026.1356     0.0459  0.000e+00
     11.475    14.5881  42.542488    35.0224     0.0695 1.0555e+02     0.3236        245  1026.1300     0.0467  0.000e+00
     11.449    14.5894  42.539727    35.0187     0.0692 1.0720e+02     0.3140        246  1026.1268     0.0452  0.000e+00
     11.437    14.5883  42.540737    35.0206     0.0692 1.1051e+02     0.3141        247  1026.1284     0.0446  0.000e+00
     11.412    14.5879  42.543498    35.0235     0.0692 1.1340e+02     0.3162        248  1026.1306     0.0455  0.000e+00
     11.393    14.5899  42.544709    35.0229     0.0692 1.1280e+02     0.3165        249  1026.1296     0.0443  0.000e+00
     11.393    14.5898  42.540737    35.0193     0.0703 1.0950e+02     0.3153        250  1026.1268     0.0463  0.000e+00
     11.412    14.5877  42.538987    35.0196     0.0705 1.0750e+02     0.3156        251  1026.1276     0.0461  0.000e+00
     11.443    14.5858  42.542960    35.0250     0.0712 1.0699e+02     0.3223        252  1026.1323     0.0472  0.000e+00
     11.449    14.5872  42.540266    35.0212     0.0693 1.0782e+02     0.3249        253  1026.1292     0.0470  0.000e+00
     11.431    14.5890  42.541747    35.0209     0.0728 1.0837e+02     0.3243        254  1026.1285     0.0463  0.000e+00
     11.437    14.5892  42.543969    35.0228     0.0754 1.0780e+02     0.3218        255  1026.1299     0.0441  0.000e+00
     11.437    14.5895  42.543767    35.0223     0.0755 1.0761e+02     0.3194        256  1026.1294     0.0442  0.000e+00
     11.418    14.5904  42.543969    35.0217     0.0728 1.0854e+02     0.3150        257  1026.1287     0.0450  0.000e+00
     11.412    14.5923  42.545652    35.0216     0.0706 1.0977e+02     0.3144        258  1026.1282     0.0455  0.000e+00
     11.412    14.5943  42.547133    35.0211     0.0696 1.1022e+02     0.3141        259  1026.1274     0.0459  0.000e+00
     11.406    14.5953  42.548344    35.0214     0.0695 1.0991e+02     0.3144        260  1026.1273     0.0469  0.000e+00
     11.399    14.5954  42.548883    35.0217     0.0692 1.0891e+02     0.3151        261  1026.1275     0.0452  0.000e+00
     11.399    14.5948  42.548479    35.0219     0.0702 1.0826e+02     0.3156        262  1026.1278     0.0454  0.000e+00
