rawData/offShoreCTD/Station_47.cnv
* Sea-Bird SBE 19plus V2 Data File:
* FileName = C:\Data\CTD\2024\SOES3018 Plymouth\Station_47.hex
* Software Version Seasave V 7.26.7.121
* Temperature SN = 7086
* Conductivity SN = 7086
* System UpLoad Time = Jul 05 2024 09:53:17
* NMEA Latitude = 50 20.17 N
* NMEA Longitude = 004 09.22 W
* NMEA UTC (Time) = Jul 05 2024  09:52:27
** Ship: Callista
** Station: 47
** Operator: Edan
# nquan = 11
# nvalues = 332                                   
# units = specified
# name 0 = prDM: Pressure, Digiquartz [db]
# name 1 = tv290C: Temperature [ITS-90, deg C]
# name 2 = c0mS/cm: Conductivity [mS/cm]
# name 3 = sal00: Salinity, Practical [PSU]
# name 4 = flECO-AFL: Fluorescence, WET Labs ECO-AFL/FL [mg/m^3]
# name 5 = par: PAR/Irradiance, Biospherical/Licor [umol photons/m^2/sec]
# name 6 = turbWETntu0: Turbidity, WET Labs ECO [NTU]
# name 7 = scan: Scan Count
# name 8 = density00: Density [density, kg/m^3]
# name 9 = cdomflTC0: CDOM, Turner Cyclops [ppb QS]
# name 10 = flag:  0.000e+00
# span 0 =      1.307,     10.997                 
# span 1 =    15.0916,    15.3652                 
# span 2 =  42.828946,  42.946618                 
# span 3 =    34.6555,    34.8626                 
# span 4 =     0.0725,     0.0854                 
# span 5 = 4.5842e+01, 9.7423e+02                 
# span 6 =     0.3620,     0.4046                 
# span 7 =          1,        332                 
# span 8 =  1025.6428,  1025.8905                 
# span 9 =     0.0527,     0.0665                 
# span 10 = 0.0000e+00, 0.0000e+00                
# interval = seconds: 0.5
# start_time = Jul 05 2024 09:52:27 [NMEA time, first data scan]
# bad_flag = -9.990e-29
*END*
[from data line 132]
     10.890    15.1103  42.843126    34.8292     0.0765 4.7351e+01     0.3690        133  1025.8643     0.0563  0.000e+00
     10.871    15.1071  42.851837    34.8400     0.0763 4.8099e+01     0.3721        134  1025.8732     0.0552  0.000e+00
     10.853    15.1085  42.859332    34.8455     0.0763 4.8091e+01     0.3710        135  1025.8771     0.0540  0.000e+00
     10.857    15.1070  42.855348    34.8432     0.0765 4.7410e+01     0.3705        136  1025.8757     0.0548  0.000e+00
     10.850    15.1033  42.855619    34.8468     0.0757 4.6673e+01     0.3705        137  1025.8793     0.0557  0.000e+00
     10.853    15.1014  42.851635    34.8448     0.0765 4.6697e+01     0.3715        138  1025.8782     0.0560  0.000e+00
     10.855    15.1041  42.844139    34.8356     0.0764 4.7069e+01     0.3705        139  1025.8705     0.0552  0.000e+00
     10.846    15.1039  42.843126    34.8349     0.0749 4.7285e+01     0.3691        140  1025.8699     0.0574  0.000e+00
     10.834    15.1020  42.842654    34.8361     0.0769 4.7678e+01     0.3725        141  1025.8712     0.0575  0.000e+00
     10.827    15.1013  42.844139    34.8381     0.0766 4.8150e+01     0.3754        142  1025.8729     0.0564  0.000e+00
     10.815    15.1019  42.854201    34.8467     0.0768 4.7956e+01     0.3754        143  1025.8793     0.0559  0.000e+00
     10.815    15.1019  42.850622    34.8435     0.0761 4.7061e+01     0.3709        144  1025.8769     0.0545  0.000e+00
     10.834    15.1012  42.852378    34.8457     0.0767 4.6402e+01     0.3707        145  1025.8788     0.0552  0.000e+00
     10.834    15.1017  42.843869    34.8375     0.0766 4.6345e+01     0.3706        146  1025.8724     0.0550  0.000e+00
     10.832    15.1032  42.839413    34.8321     0.0765 4.6854e+01     0.3707        147  1025.8679     0.0564  0.000e+00
     10.821    15.1012  42.838130    34.8328     0.0739 4.7644e+01     0.3641        148  1025.8688     0.0553  0.000e+00
     10.803    15.1009  42.842654    34.8371     0.0741 4.7981e+01     0.3642        149  1025.8721     0.0547  0.000e+00
     10.794    15.1022  42.847853    34.8407     0.0779 4.7544e+01     0.3751        150  1025.8745     0.0555  0.000e+00
     10.788    15.1028  42.848596    34.8409     0.0774 4.6986e+01     0.3747        151  1025.8745     0.0561  0.000e+00
     10.792    15.1027  42.850149    34.8423     0.0766 4.6574e+01     0.3749        152  1025.8757     0.0575  0.000e+00
     10.790    15.1021  42.847718    34.8407     0.0768 4.6665e+01     0.3747        153  1025.8745     0.0562  0.000e+00
     10.790    15.1040  42.841303    34.8332     0.0745 4.7110e+01     0.3664        154  1025.8683     0.0553  0.000e+00
     10.784    15.1045  42.840155    34.8317     0.0755 4.7452e+01     0.3655        155  1025.8670     0.0545  0.000e+00
     10.777    15.1029  42.840628    34.8335     0.0766 4.7644e+01     0.3819        156  1025.8687     0.0547  0.000e+00
     10.771    15.1024  42.842924    34.8361     0.0763 4.7585e+01     0.3822        157  1025.8708     0.0540  0.000e+00
     10.777    15.1025  42.849879    34.8423     0.0763 4.7069e+01     0.3804        158  1025.8756     0.0550  0.000e+00
     10.784    15.1030  42.850621    34.8425     0.0767 4.6256e+01     0.3804        159  1025.8757     0.0559  0.000e+00
     10.801    15.1034  42.844612    34.8367     0.0766 4.6036e+01     0.3741        160  1025.8712     0.0553  0.000e+00
     10.794    15.1040  42.836644    34.8289     0.0762 4.6615e+01     0.3743        161  1025.8651     0.0565  0.000e+00
     10.777    15.1012  42.837387    34.8321     0.0775 4.7227e+01     0.3654        162  1025.8681     0.0558  0.000e+00
     10.765    15.1013  42.846165    34.8400     0.0781 4.7368e+01     0.3664        163  1025.8740     0.0546  0.000e+00
     10.763    15.1020  42.847515    34.8406     0.0795 4.7152e+01     0.3677        164  1025.8743     0.0539  0.000e+00
     10.752    15.1019  42.848393    34.8415     0.0789 4.6747e+01     0.3684        165  1025.8751     0.0533  0.000e+00
     10.752    15.1019  42.847718    34.8409     0.0763 4.6599e+01     0.3655        166  1025.8746     0.0545  0.000e+00
     10.752    15.1030  42.841100    34.8338     0.0769 4.6862e+01     0.3654        167  1025.8689     0.0553  0.000e+00
     10.751    15.1055  42.838939    34.8297     0.0763 4.6936e+01     0.3641        168  1025.8651     0.0545  0.000e+00
     10.746    15.1045  42.838669    34.8303     0.0766 4.6681e+01     0.3646        169  1025.8658     0.0555  0.000e+00
     10.746    15.1027  42.835699    34.8292     0.0769 4.6804e+01     0.3667        170  1025.8654     0.0559  0.000e+00
     10.734    15.1010  42.835429    34.8305     0.0766 4.7435e+01     0.3669        171  1025.8667     0.0565  0.000e+00
     10.726    15.1009  42.843396    34.8378     0.0779 4.7310e+01     0.3683        172  1025.8723     0.0549  0.000e+00
     10.727    15.1012  42.841371    34.8358     0.0776 4.6353e+01     0.3680        173  1025.8707     0.0552  0.000e+00
     10.746    15.1003  42.841573    34.8367     0.0776 4.5882e+01     0.3707        174  1025.8717     0.0568  0.000e+00
     10.746    15.1005  42.834619    34.8302     0.0775 4.6443e+01     0.3704        175  1025.8666     0.0574  0.000e+00
     10.727    15.0998  42.833404    34.8298     0.0773 4.7452e+01     0.3624        176  1025.8664     0.0574  0.000e+00
     10.715    15.0997  42.839143    34.8351     0.0776 4.7585e+01     0.3620        177  1025.8704     0.0549  0.000e+00
     10.715    15.0997  42.839683    34.8356     0.0764 4.6912e+01     0.3785        178  1025.8708     0.0536  0.000e+00
     10.721    15.0991  42.839143    34.8355     0.0766 4.6697e+01     0.3781        179  1025.8709     0.0561  0.000e+00
     10.708    15.0997  42.834416    34.8308     0.0766 4.7152e+01     0.3687        180  1025.8671     0.0557  0.000e+00
     10.696    15.1005  42.836442    34.8319     0.0765 4.7544e+01     0.3691        181  1025.8676     0.0558  0.000e+00
     10.695    15.1008  42.839142    34.8341     0.0764 4.7227e+01     0.3677        182  1025.8693     0.0563  0.000e+00
     10.689    15.1016  42.838872    34.8331     0.0770 4.7011e+01     0.3677        183  1025.8683     0.0561  0.000e+00
     10.683    15.1021  42.834416    34.8286     0.0779 4.7695e+01     0.3658        184  1025.8648     0.0553  0.000e+00
     10.671    15.1018  42.834686    34.8292     0.0776 4.8201e+01     0.3659        185  1025.8652     0.0551  0.000e+00
     10.670    15.1015  42.839885    34.8341     0.0765 4.7762e+01     0.3699        186  1025.8690     0.0549  0.000e+00
     10.676    15.1016  42.839682    34.8338     0.0763 4.7168e+01     0.3697        187  1025.8688     0.0578  0.000e+00
     10.678    15.1020  42.836644    34.8307     0.0765 4.7052e+01     0.3659        188  1025.8664     0.0576  0.000e+00
     10.671    15.1020  42.833470    34.8278     0.0770 4.7260e+01     0.3656        189  1025.8641     0.0549  0.000e+00
     10.671    15.1007  42.834889    34.8303     0.0762 4.7252e+01     0.3661        190  1025.8663     0.0546  0.000e+00
     10.677    15.1004  42.838872    34.8342     0.0765 4.6978e+01     0.3658        191  1025.8694     0.0555  0.000e+00
     10.671    15.1006  42.839682    34.8347     0.0778 4.6739e+01     0.3716        192  1025.8697     0.0555  0.000e+00
     10.677    15.1005  42.837724    34.8330     0.0775 4.6722e+01     0.3719        193  1025.8685     0.0566  0.000e+00
     10.671    15.1006  42.834416    34.8300     0.0777 4.7177e+01     0.3668        194  1025.8661     0.0557  0.000e+00
     10.652    15.1014  42.833200    34.8282     0.0776 4.8218e+01     0.3667        195  1025.8644     0.0550  0.000e+00
     10.620    15.1001  42.831918    34.8282     0.0776 4.9700e+01     0.3680        196  1025.8646     0.0530  0.000e+00
     10.577    15.0982  42.830702    34.8288     0.0780 5.1608e+01     0.3677        197  1025.8653     0.0546  0.000e+00
     10.514    15.0969  42.831445    34.8306     0.0788 5.3940e+01     0.3755        198  1025.8667     0.0541  0.000e+00
     10.439    15.0965  42.831850    34.8314     0.0792 5.6515e+01     0.3821        199  1025.8670     0.0547  0.000e+00
     10.352    15.0966  42.830904    34.8304     0.0795 5.9958e+01     0.3766        200  1025.8659     0.0547  0.000e+00
     10.252    15.0966  42.828946    34.8288     0.0781 6.3879e+01     0.3702        201  1025.8642     0.0540  0.000e+00
     10.137    15.0951  42.833672    34.8344     0.0779 6.6377e+01     0.3717        202  1025.8683     0.0537  0.000e+00
     10.024    15.0953  42.834144    34.8347     0.0789 6.8428e+01     0.3718        203  1025.8680     0.0533  0.000e+00
      9.909    15.0948  42.833671    34.8348     0.0785 7.0754e+01     0.3722        204  1025.8677     0.0553  0.000e+00
      9.797    15.0936  42.831915    34.8343     0.0779 7.5301e+01     0.3741        205  1025.8671     0.0563  0.000e+00
      9.666    15.0940  42.829417    34.8317     0.0777 8.1547e+01     0.3728        206  1025.8644     0.0560  0.000e+00
      9.527    15.0935  42.831441    34.8340     0.0776 8.7691e+01     0.3713        207  1025.8657     0.0563  0.000e+00
      9.389    15.0938  42.832926    34.8352     0.0785 9.2931e+01     0.3720        208  1025.8659     0.0560  0.000e+00
      9.245    15.0941  42.833196    34.8352     0.0788 9.9092e+01     0.3719        209  1025.8652     0.0550  0.000e+00
      9.106    15.0939  42.831912    34.8343     0.0797 1.0492e+02     0.3728        210  1025.8639     0.0552  0.000e+00
      8.962    15.0952  42.830426    34.8318     0.0802 1.0937e+02     0.3734        211  1025.8611     0.0543  0.000e+00
      8.823    15.0991  42.831033    34.8289     0.0805 1.1462e+02     0.3724        212  1025.8574     0.0549  0.000e+00
      8.691    15.1013  42.833192    34.8290     0.0800 1.2228e+02     0.3717        213  1025.8564     0.0550  0.000e+00
      8.549    15.1022  42.840619    34.8350     0.0802 1.3203e+02     0.3719        214  1025.8602     0.0565  0.000e+00
      8.399    15.1092  42.845884    34.8337     0.0792 1.4287e+02     0.3713        215  1025.8569     0.0560  0.000e+00
      8.251    15.1130  42.839401    34.8244     0.0795 1.5016e+02     0.3748        216  1025.8483     0.0570  0.000e+00
      8.100    15.1140  42.836429    34.8209     0.0802 1.5685e+02     0.3769        217  1025.8447     0.0571  0.000e+00
      7.955    15.1168  42.836158    34.8182     0.0806 1.6564e+02     0.3758        218  1025.8414     0.0580  0.000e+00
      7.810    15.1187  42.838115    34.8183     0.0812 1.7329e+02     0.3743        219  1025.8404     0.0580  0.000e+00
      7.659    15.1193  42.842031    34.8214     0.0820 1.8736e+02     0.3760        220  1025.8420     0.0552  0.000e+00
      7.508    15.1177  42.839397    34.8206     0.0825 1.9454e+02     0.3784        221  1025.8410     0.0559  0.000e+00
      7.363    15.1173  42.836898    34.8187     0.0824 2.0959e+02     0.3787        222  1025.8390     0.0594  0.000e+00
      7.211    15.1180  42.836425    34.8177     0.0815 2.2391e+02     0.3789        223  1025.8374     0.0579  0.000e+00
      7.060    15.1189  42.841556    34.8216     0.0815 2.3786e+02     0.3807        224  1025.8396     0.0578  0.000e+00
      6.915    15.1191  42.852359    34.8313     0.0812 2.5291e+02     0.3822        225  1025.8463     0.0571  0.000e+00
      6.764    15.1184  42.842972    34.8234     0.0824 2.6731e+02     0.3878        226  1025.8398     0.0573  0.000e+00
      6.622    15.1187  42.838650    34.8193     0.0827 2.8372e+02     0.3941        227  1025.8359     0.0588  0.000e+00
      6.472    15.1187  42.837907    34.8187     0.0822 3.0491e+02     0.3858        228  1025.8347     0.0579  0.000e+00
      6.323    15.1187  42.837906    34.8187     0.0818 3.2312e+02     0.3782        229  1025.8341     0.0573  0.000e+00
      6.178    15.1192  42.836758    34.8173     0.0815 3.3409e+02     0.3806        230  1025.8323     0.0572  0.000e+00
      6.033    15.1240  42.836419    34.8128     0.0817 3.5628e+02     0.3837        231  1025.8271     0.0598  0.000e+00
      5.896    15.1303  42.835675    34.8066     0.0818 3.8675e+02     0.3846        232  1025.8203     0.0589  0.000e+00
      5.746    15.1410  42.835875    34.7973     0.0823 4.1755e+02     0.3846        233  1025.8101     0.0585  0.000e+00
      5.603    15.1468  42.836887    34.7931     0.0835 4.3127e+02     0.3861        234  1025.8050     0.0585  0.000e+00
      5.458    15.1650  42.847012    34.7861     0.0837 4.6113e+02     0.3893        235  1025.7949     0.0578  0.000e+00
      5.319    15.1962  42.858284    34.7687     0.0831 4.9820e+02     0.3867        236  1025.7740     0.0601  0.000e+00
      5.175    15.2100  42.852069    34.7509     0.0837 5.3203e+02     0.3854        237  1025.7566     0.0594  0.000e+00
      5.035    15.2202  42.853350    34.7430     0.0837 5.5505e+02     0.3907        238  1025.7476     0.0622  0.000e+00
      4.890    15.2295  42.866315    34.7466     0.0840 6.0051e+02     0.3962        239  1025.7477     0.0623  0.000e+00
      4.751    15.2470  42.875024    34.7390     0.0843 6.1991e+02     0.3970        240  1025.7373     0.0636  0.000e+00
      4.618    15.2706  42.874886    34.7180     0.0847 6.5197e+02     0.3968        241  1025.7154     0.0626  0.000e+00
      4.479    15.2792  42.862524    34.6993     0.0854 7.1497e+02     0.3961        242  1025.6984     0.0610  0.000e+00
      4.347    15.2884  42.863805    34.6923     0.0849 7.5765e+02     0.3956        243  1025.6904     0.0600  0.000e+00
      4.203    15.2854  42.858065    34.6899     0.0840 8.2345e+02     0.3981        244  1025.6885     0.0607  0.000e+00
      4.075    15.2816  42.867047    34.7014     0.0839 8.2316e+02     0.4018        245  1025.6977     0.0638  0.000e+00
      3.946    15.2927  42.893253    34.7154     0.0826 8.7738e+02     0.4002        246  1025.7054     0.0621  0.000e+00
      3.822    15.3162  42.888993    34.6908     0.0810 8.5171e+02     0.3996        247  1025.6807     0.0609  0.000e+00
      3.707    15.3300  42.875752    34.6666     0.0790 8.1139e+02     0.3969        248  1025.6584     0.0642  0.000e+00
      3.607    15.3360  42.869266    34.6555     0.0765 8.2230e+02     0.3937        249  1025.6481     0.0654  0.000e+00
      3.499    15.3262  42.897232    34.6895     0.0775 8.3967e+02     0.3924        250  1025.6760     0.0621  0.000e+00
      3.411    15.3259  42.905204    34.6970     0.0753 8.3116e+02     0.3903        251  1025.6815     0.0636  0.000e+00
      3.316    15.3331  42.892975    34.6796     0.0759 8.1611e+02     0.3902        252  1025.6661     0.0639  0.000e+00
      3.230    15.3278  42.877033    34.6698     0.0754 8.2635e+02     0.3943        253  1025.6594     0.0665  0.000e+00
      3.151    15.3220  42.876493    34.6746     0.0764 8.0161e+02     0.3948        254  1025.6640     0.0662  0.000e+00
      3.075    15.3220  42.868253    34.6671     0.0731 7.9001e+02     0.3902        255  1025.6578     0.0622  0.000e+00
      2.999    15.3234  42.887030    34.6829     0.0731 8.1740e+02     0.3902        256  1025.6694     0.0634  0.000e+00
      2.934    15.3199  42.899190    34.6970     0.0779 7.8710e+02     0.3868        257  1025.6807     0.0617  0.000e+00
      2.871    15.3244  42.898716    34.6927     0.0779 7.8973e+02     0.3866        258  1025.6761     0.0625  0.000e+00
      2.803    15.3264  42.897230    34.6896     0.0770 7.9950e+02     0.3866        259  1025.6730     0.0624  0.000e+00
      2.746    15.3286  42.903985    34.6938     0.0767 8.0345e+02     0.3864        260  1025.6755     0.0655  0.000e+00
      2.689    15.3358  42.887027    34.6720     0.0768 7.9516e+02     0.3939        261  1025.6569     0.0632  0.000e+00
      2.638    15.3373  42.882163    34.6663     0.0767 7.6152e+02     0.3935        262  1025.6519     0.0648  0.000e+00
