rawData/offShoreCTD/Station_47.cnv
* Sea-Bird SBE 19plus V2 Data File:
* FileName = C:\Data\CTD\2024\SOES3018 Plymouth\Station_47.hex
* Software Version Seasave V 7.26.7.121
* Temperature SN = 7086
* Conductivity SN = 7086
* System UpLoad Time = Jul 05 2024 09:53:17
* NMEA Latitude = 50 20.17 N
* NMEA Longitude = 004 09.22 W
* NMEA UTC (Time) = Jul 05 2024  09:52:27
** Ship: Callista
** Station: 47
** Operator: Edan
# nquan = 11
# nvalues = 332                                   
# units = specified
# name 0 = prDM: Pressure, Digiquartz [db]
# name 1 = tv290C: Temperature [ITS-90, deg C]
# name 2 = c0mS/cm: Conductivity [mS/cm]
# name 3 = sal00: Salinity, Practical [PSU]
# name 4 = flECO-AFL: Fluorescence, WET Labs ECO-AFL/FL [mg/m^3]
# name 5 = par: PAR/Irradiance, Biospherical/Licor [umol photons/m^2/sec]
# name 6 = turbWETntu0: Turbidity, WET Labs ECO [NTU]
# name 7 = scan: Scan Count
# name 8 = density00: Density [density, kg/m^3]
# name 9 = cdomflTC0: CDOM, Turner Cyclops [ppb QS]
# name 10 = flag:  0.000e+00
# span 0 =      1.307,     10.997                 
# span 1 =    15.0916,    15.3652                 
# span 2 =  42.828946,  42.946618                 
# span 3 =    34.6555,    34.8626                 
# span 4 =     0.0725,     0.0854                 
# span 5 = 4.5842e+01, 9.7423e+02                 
# span 6 =     0.3620,     0.4046                 
# span 7 =          1,        332                 
# span 8 =  1025.6428,  1025.8905                 
# span 9 =     0.0527,     0.0665                 
# span 10 = 0.0000e+00, 0.0000e+00                
# interval = seconds: 0.5
# start_time = Jul 05 2024 09:52:27 [NMEA time, first data scan]
# bad_flag = -9.990e-29
*END*
      1.324    15.3412  42.946618    34.7217     0.0799 9.0923e+02     0.4009          1  1025.6879     0.0638  0.000e+00
      1.324    15.3410  42.946618    34.7219     0.0792 8.5771e+02     0.3957          2  1025.6881     0.0611  0.000e+00
      1.330    15.3409  42.943374    34.7191     0.0786 9.0509e+02     0.3912          3  1025.6860     0.0623  0.000e+00
      1.330    15.3426  42.938643    34.7133     0.0798 8.9922e+02     0.3882          4  1025.6811     0.0626  0.000e+00
      1.327    15.3438  42.940873    34.7142     0.0810 9.1742e+02     0.3852          5  1025.6815     0.0635  0.000e+00
      1.318    15.3440  42.943644    34.7166     0.0792 9.3008e+02     0.3864          6  1025.6833     0.0613  0.000e+00
      1.324    15.3441  42.944658    34.7174     0.0777 8.6119e+02     0.3878          7  1025.6839     0.0603  0.000e+00
      1.324    15.3443  42.944658    34.7172     0.0776 8.6650e+02     0.3893          8  1025.6837     0.0601  0.000e+00
      1.324    15.3447  42.942630    34.7150     0.0784 9.0891e+02     0.3910          9  1025.6820     0.0629  0.000e+00
      1.324    15.3451  42.939386    34.7117     0.0788 8.6970e+02     0.3899         10  1025.6793     0.0614  0.000e+00
      1.324    15.3460  42.942157    34.7135     0.0800 9.1340e+02     0.3888         11  1025.6805     0.0638  0.000e+00
      1.327    15.3455  42.943103    34.7147     0.0802 9.3614e+02     0.3932         12  1025.6816     0.0621  0.000e+00
      1.330    15.3454  42.941413    34.7133     0.0797 9.1951e+02     0.3970         13  1025.6805     0.0617  0.000e+00
      1.324    15.3455  42.939656    34.7116     0.0794 9.7423e+02     0.3938         14  1025.6792     0.0634  0.000e+00
      1.320    15.3456  42.943644    34.7151     0.0786 9.3138e+02     0.3913         15  1025.6818     0.0594  0.000e+00
      1.324    15.3460  42.943170    34.7143     0.0783 8.5892e+02     0.3957         16  1025.6811     0.0600  0.000e+00
      1.324    15.3467  42.941886    34.7125     0.0787 8.9293e+02     0.4012         17  1025.6796     0.0590  0.000e+00
      1.320    15.3473  42.941819    34.7120     0.0783 8.9230e+02     0.3985         18  1025.6790     0.0606  0.000e+00
      1.318    15.3475  42.942697    34.7126     0.0783 8.7799e+02     0.3962         19  1025.6795     0.0631  0.000e+00
      1.324    15.3494  42.939926    34.7084     0.0787 9.2226e+02     0.3965         20  1025.6758     0.0642  0.000e+00
      1.320    15.3524  42.940872    34.7066     0.0789 9.4059e+02     0.3957         21  1025.6738     0.0636  0.000e+00
      1.314    15.3533  42.940263    34.7052     0.0795 9.4906e+02     0.3926         22  1025.6725     0.0612  0.000e+00
      1.318    15.3527  42.938912    34.7046     0.0811 9.3171e+02     0.3890         23  1025.6721     0.0615  0.000e+00
      1.318    15.3555  42.935802    34.6993     0.0807 9.2372e+02     0.3894         24  1025.6674     0.0636  0.000e+00
      1.314    15.3584  42.936140    34.6970     0.0792 8.6833e+02     0.3886         25  1025.6650     0.0629  0.000e+00
      1.318    15.3602  42.935869    34.6952     0.0797 9.4274e+02     0.3898         26  1025.6632     0.0624  0.000e+00
      1.314    15.3608  42.935396    34.6942     0.0785 9.0382e+02     0.3899         27  1025.6623     0.0601  0.000e+00
      1.307    15.3610  42.934585    34.6933     0.0790 9.2210e+02     0.3936         28  1025.6615     0.0610  0.000e+00
      1.311    15.3610  42.932625    34.6916     0.0798 9.1661e+02     0.3972         29  1025.6602     0.0613  0.000e+00
      1.330    15.3617  42.933166    34.6915     0.0798 8.3731e+02     0.3945         30  1025.6601     0.0618  0.000e+00
      1.362    15.3622  42.932152    34.6900     0.0796 8.1740e+02     0.3925         31  1025.6590     0.0613  0.000e+00
      1.409    15.3627  42.931409    34.6889     0.0806 8.0769e+02     0.3920         32  1025.6582     0.0642  0.000e+00
      1.460    15.3637  42.931679    34.6883     0.0810 7.5765e+02     0.3915         33  1025.6577     0.0640  0.000e+00
      1.536    15.3643  42.932153    34.6881     0.0816 7.3484e+02     0.3935         34  1025.6578     0.0612  0.000e+00
      1.624    15.3644  42.932896    34.6887     0.0792 7.1951e+02     0.3953         35  1025.6586     0.0619  0.000e+00
      1.727    15.3645  42.933640    34.6892     0.0803 6.5243e+02     0.3953         36  1025.6595     0.0611  0.000e+00
      1.853    15.3646  42.933641    34.6890     0.0784 5.9275e+02     0.4046         37  1025.6598     0.0612  0.000e+00
      1.986    15.3652  42.932898    34.6878     0.0795 5.8120e+02     0.4042         38  1025.6594     0.0615  0.000e+00
      2.125    15.3646  42.932628    34.6880     0.0783 5.5720e+02     0.3951         39  1025.6603     0.0630  0.000e+00
      2.258    15.3641  42.932426    34.6883     0.0783 5.0854e+02     0.3948         40  1025.6612     0.0643  0.000e+00
      2.412    15.3635  42.932427    34.6888     0.0795 4.8677e+02     0.3948         41  1025.6624     0.0626  0.000e+00
      2.575    15.3631  42.932630    34.6892     0.0796 4.6349e+02     0.3951         42  1025.6635     0.0634  0.000e+00
      2.746    15.3624  42.932428    34.6895     0.0799 4.2832e+02     0.3884         43  1025.6647     0.0626  0.000e+00
      2.928    15.3606  42.932159    34.6908     0.0797 3.9785e+02     0.3886         44  1025.6669     0.0610  0.000e+00
      3.100    15.3578  42.932160    34.6932     0.0798 3.8243e+02     0.3921         45  1025.6701     0.0613  0.000e+00
      3.277    15.3553  42.932161    34.6954     0.0800 3.6696e+02     0.3914         46  1025.6731     0.0632  0.000e+00
      3.468    15.3513  42.931892    34.6986     0.0816 3.3918e+02     0.3861         47  1025.6774     0.0607  0.000e+00
      3.663    15.3472  42.931691    34.7020     0.0824 3.2029e+02     0.3868         48  1025.6817     0.0632  0.000e+00
      3.858    15.3452  42.931894    34.7039     0.0799 3.0288e+02     0.3872         49  1025.6845     0.0621  0.000e+00
      4.046    15.3402  42.932166    34.7084     0.0794 2.8728e+02     0.3864         50  1025.6899     0.0642  0.000e+00
      4.226    15.3378  42.931694    34.7101     0.0805 2.7956e+02     0.3823         51  1025.6925     0.0610  0.000e+00
      4.403    15.3385  42.931492    34.7092     0.0806 2.6641e+02     0.3832         52  1025.6925     0.0621  0.000e+00
      4.599    15.3369  42.931628    34.7106     0.0815 2.4815e+02     0.3885         53  1025.6948     0.0628  0.000e+00
      4.793    15.3349  42.931697    34.7124     0.0810 2.3380e+02     0.3886         54  1025.6975     0.0607  0.000e+00
      4.991    15.3310  42.931158    34.7153     0.0797 2.2144e+02     0.3806         55  1025.7015     0.0597  0.000e+00
      5.187    15.3180  42.930687    34.7263     0.0795 2.0941e+02     0.3806         56  1025.7137     0.0590  0.000e+00
      5.370    15.3054  42.926905    34.7340     0.0788 1.9865e+02     0.3772         57  1025.7232     0.0588  0.000e+00
      5.551    15.2954  42.928124    34.7439     0.0786 1.9639e+02     0.3777         58  1025.7339     0.0568  0.000e+00
      5.720    15.2888  42.932653    34.7537     0.0785 1.8390e+02     0.3753         59  1025.7437     0.0575  0.000e+00
      5.890    15.2838  42.932182    34.7577     0.0792 1.7633e+02     0.3749         60  1025.7486     0.0595  0.000e+00
      6.078    15.2780  42.929953    34.7607     0.0782 1.6558e+02     0.3725         61  1025.7531     0.0574  0.000e+00
      6.278    15.2709  42.929685    34.7667     0.0786 1.5647e+02     0.3722         62  1025.7602     0.0587  0.000e+00
      6.466    15.2649  42.933403    34.7753     0.0765 1.5149e+02     0.3729         63  1025.7689     0.0594  0.000e+00
      6.638    15.2612  42.936648    34.7815     0.0759 1.4623e+02     0.3725         64  1025.7753     0.0589  0.000e+00
      6.808    15.2569  42.932459    34.7815     0.0773 1.3915e+02     0.3722         65  1025.7770     0.0569  0.000e+00
      6.979    15.2506  42.927933    34.7829     0.0776 1.3212e+02     0.3716         66  1025.7802     0.0571  0.000e+00
      7.141    15.2462  42.927664    34.7865     0.0773 1.2664e+02     0.3655         67  1025.7847     0.0578  0.000e+00
      7.306    15.2426  42.925976    34.7881     0.0779 1.2211e+02     0.3662         68  1025.7875     0.0587  0.000e+00
      7.482    15.2359  42.918815    34.7875     0.0763 1.1505e+02     0.3683         69  1025.7893     0.0578  0.000e+00
      7.671    15.2248  42.913344    34.7923     0.0763 1.0822e+02     0.3680         70  1025.7962     0.0581  0.000e+00
      7.848    15.2150  42.913211    34.8008     0.0751 1.0342e+02     0.3664         71  1025.8058     0.0579  0.000e+00
      8.017    15.2076  42.915983    34.8099     0.0751 9.9739e+01     0.3671         72  1025.8152     0.0583  0.000e+00
      8.169    15.1990  42.911728    34.8136     0.0763 9.6546e+01     0.3629         73  1025.8206     0.0572  0.000e+00
      8.326    15.1887  42.896663    34.8090     0.0768 9.2263e+01     0.3622         74  1025.8201     0.0567  0.000e+00
      8.490    15.1808  42.889977    34.8099     0.0748 8.7183e+01     0.3638         75  1025.8232     0.0560  0.000e+00
      8.661    15.1743  42.889776    34.8154     0.0750 8.3096e+01     0.3636         76  1025.8297     0.0563  0.000e+00
      8.848    15.1656  42.884036    34.8179     0.0751 7.7901e+01     0.3648         77  1025.8343     0.0550  0.000e+00
      9.054    15.1459  42.867289    34.8201     0.0750 7.1681e+01     0.3642         78  1025.8413     0.0564  0.000e+00
      9.263    15.1275  42.859323    34.8292     0.0762 6.7721e+01     0.3692         79  1025.8533     0.0566  0.000e+00
      9.464    15.1188  42.862297    34.8396     0.0763 6.4387e+01     0.3690         80  1025.8641     0.0560  0.000e+00
      9.647    15.1145  42.865810    34.8465     0.0737 6.1822e+01     0.3645         81  1025.8712     0.0562  0.000e+00
      9.810    15.1114  42.861084    34.8449     0.0741 5.9464e+01     0.3648         82  1025.8714     0.0558  0.000e+00
      9.980    15.1085  42.857370    34.8441     0.0741 5.6565e+01     0.3638         83  1025.8722     0.0558  0.000e+00
     10.156    15.1050  42.853927    34.8440     0.0741 5.3731e+01     0.3636         84  1025.8736     0.0551  0.000e+00
     10.350    15.1007  42.851093    34.8452     0.0744 5.1472e+01     0.3682         85  1025.8764     0.0553  0.000e+00
     10.557    15.0959  42.847853    34.8464     0.0738 4.8636e+01     0.3684         86  1025.8792     0.0546  0.000e+00
     10.740    15.0916  42.851095    34.8531     0.0725 4.6780e+01     0.3706         87  1025.8862     0.0543  0.000e+00
     10.852    15.0926  42.857849    34.8583     0.0729 4.7052e+01     0.3708         88  1025.8905     0.0559  0.000e+00
     10.871    15.1008  42.853593    34.8472     0.0733 4.7837e+01     0.3686         89  1025.8802     0.0554  0.000e+00
     10.884    15.1085  42.859062    34.8453     0.0741 4.7913e+01     0.3660         90  1025.8771     0.0565  0.000e+00
     10.913    15.1128  42.869800    34.8512     0.0747 4.7310e+01     0.3665         91  1025.8808     0.0572  0.000e+00
     10.950    15.1149  42.868787    34.8484     0.0749 4.6771e+01     0.3662         92  1025.8784     0.0566  0.000e+00
     10.984    15.1163  42.878783    34.8562     0.0753 4.6739e+01     0.3664         93  1025.8842     0.0540  0.000e+00
     10.997    15.1173  42.875068    34.8519     0.0752 4.7310e+01     0.3645         94  1025.8808     0.0527  0.000e+00
     10.991    15.1230  42.870610    34.8427     0.0747 4.7989e+01     0.3638         95  1025.8724     0.0538  0.000e+00
     10.972    15.1295  42.874053    34.8401     0.0754 4.8303e+01     0.3632         96  1025.8689     0.0552  0.000e+00
     10.965    15.1314  42.885266    34.8487     0.0757 4.8448e+01     0.3725         97  1025.8750     0.0547  0.000e+00
     10.965    15.1319  42.881010    34.8443     0.0763 4.8074e+01     0.3822         98  1025.8715     0.0552  0.000e+00
     10.978    15.1254  42.881619    34.8507     0.0761 4.7829e+01     0.3751         99  1025.8779     0.0541  0.000e+00
     10.978    15.1208  42.890266    34.8626     0.0766 4.8142e+01     0.3668        100  1025.8882     0.0538  0.000e+00
     10.963    15.1231  42.878512    34.8499     0.0762 4.8824e+01     0.3662        101  1025.8777     0.0547  0.000e+00
     10.950    15.1329  42.880267    34.8427     0.0766 4.9195e+01     0.3658        102  1025.8700     0.0533  0.000e+00
     10.953    15.1371  42.886751    34.8449     0.0759 4.8997e+01     0.3696        103  1025.8708     0.0542  0.000e+00
     10.950    15.1321  42.885536    34.8483     0.0747 4.8644e+01     0.3738        104  1025.8745     0.0554  0.000e+00
     10.959    15.1252  42.888036    34.8567     0.0744 4.8644e+01     0.3712        105  1025.8825     0.0567  0.000e+00
     10.959    15.1298  42.867569    34.8340     0.0739 4.9023e+01     0.3687        106  1025.8640     0.0546  0.000e+00
     10.953    15.1373  42.865339    34.8253     0.0743 4.9178e+01     0.3687        107  1025.8556     0.0546  0.000e+00
     10.947    15.1375  42.867095    34.8267     0.0755 4.9023e+01     0.3675        108  1025.8566     0.0561  0.000e+00
     10.947    15.1348  42.868987    34.8308     0.0753 4.8867e+01     0.3701        109  1025.8604     0.0550  0.000e+00
     10.953    15.1336  42.871824    34.8344     0.0752 4.8584e+01     0.3731        110  1025.8635     0.0547  0.000e+00
     10.953    15.1342  42.873850    34.8358     0.0748 4.8337e+01     0.3744        111  1025.8644     0.0551  0.000e+00
     10.950    15.1313  42.869595    34.8345     0.0744 4.8303e+01     0.3762        112  1025.8640     0.0548  0.000e+00
     10.950    15.1276  42.859060    34.8282     0.0749 4.8328e+01     0.3730        113  1025.8600     0.0560  0.000e+00
     10.947    15.1230  42.856832    34.8302     0.0752 4.8422e+01     0.3685        114  1025.8626     0.0555  0.000e+00
     10.940    15.1192  42.863856    34.8400     0.0753 4.8226e+01     0.3686        115  1025.8709     0.0568  0.000e+00
     10.940    15.1195  42.879593    34.8541     0.0764 4.7804e+01     0.3665        116  1025.8817     0.0553  0.000e+00
     10.947    15.1198  42.880809    34.8550     0.0761 4.7385e+01     0.3692        117  1025.8823     0.0565  0.000e+00
     10.940    15.1203  42.880268    34.8540     0.0766 4.7177e+01     0.3716        118  1025.8814     0.0540  0.000e+00
     10.934    15.1220  42.862032    34.8359     0.0758 4.7477e+01     0.3713        119  1025.8671     0.0551  0.000e+00
     10.934    15.1251  42.853455    34.8253     0.0749 4.7762e+01     0.3702        120  1025.8582     0.0552  0.000e+00
     10.922    15.1231  42.862302    34.8352     0.0757 4.7989e+01     0.3688        121  1025.8662     0.0543  0.000e+00
     10.909    15.1242  42.872027    34.8430     0.0764 4.7527e+01     0.3680        122  1025.8720     0.0533  0.000e+00
     10.915    15.1219  42.873311    34.8462     0.0752 4.6706e+01     0.3696        123  1025.8750     0.0545  0.000e+00
     10.922    15.1171  42.875271    34.8523     0.0746 4.6362e+01     0.3713        124  1025.8807     0.0560  0.000e+00
     10.922    15.1143  42.864059    34.8446     0.0752 4.6541e+01     0.3693        125  1025.8754     0.0558  0.000e+00
     10.913    15.1194  42.847513    34.8250     0.0748 4.7301e+01     0.3676        126  1025.8592     0.0546  0.000e+00
     10.896    15.1166  42.848121    34.8280     0.0757 4.8015e+01     0.3685        127  1025.8620     0.0555  0.000e+00
     10.890    15.1170  42.864802    34.8429     0.0763 4.7837e+01     0.3691        128  1025.8734     0.0546  0.000e+00
     10.884    15.1175  42.866558    34.8440     0.0753 4.7077e+01     0.3700        129  1025.8741     0.0538  0.000e+00
     10.890    15.1111  42.867572    34.8506     0.0750 4.6345e+01     0.3703        130  1025.8807     0.0552  0.000e+00
     10.903    15.1068  42.868585    34.8554     0.0757 4.5842e+01     0.3687        131  1025.8853     0.0558  0.000e+00
