rawData/offShoreCTD/Station_48.cnv
* Sea-Bird SBE 19plus V2 Data File:
* FileName = C:\Data\CTD\2024\SOES3018 Plymouth\Station_48.hex
* Software Version Seasave V 7.26.7.121
* Temperature SN = 7086
* Conductivity SN = 7086
* System UpLoad Time = Jul 05 2024 10:19:27
* NMEA Latitude = 50 20.88 N
* NMEA Longitude = 004 07.91 W
* NMEA UTC (Time) = Jul 05 2024  10:18:37
** Ship: Callista
** Station: 48
** Operator: Edan
# nquan = 11
# nvalues = 340                                   
# units = specified
# name 0 = prDM: Pressure, Digiquartz [db]
# name 1 = tv290C: Temperature [ITS-90, deg C]
# name 2 = c0mS/cm: Conductivity [mS/cm]
# name 3 = sal00: Salinity, Practical [PSU]
# name 4 = flECO-AFL: Fluorescence, WET Labs ECO-AFL/FL [mg/m^3]
# name 5 = par: PAR/Irradiance, Biospherical/Licor [umol photons/m^2/sec]
# name 6 = turbWETntu0: Turbidity, WET Labs ECO [NTU]
# name 7 = scan: Scan Count
# name 8 = density00: Density [density, kg/m^3]
# name 9 = cdomflTC0: CDOM, Turner Cyclops [ppb QS]
# name 10 = flag:  0.000e+00
# span 0 =      1.277,      9.109                 
# span 1 =    15.0738,    15.6610                 
# span 2 =  42.751709,  42.900456                 
# span 3 =    34.3209,    34.8386                 
# span 4 =     0.0721,     0.2200                 
# span 5 = 2.6353e+01, 1.1683e+03                 
# span 6 =     0.3733,     1.2668                 
# span 7 =          1,        340                 
# span 8 =  1025.3266,  1025.8668                 
# span 9 =     0.0546,     0.0830                 
# span 10 = 0.0000e+00, 0.0000e+00                
# interval = seconds: 0.5
# start_time = Jul 05 2024 10:18:38 [NMEA time, first data scan]
# bad_flag = -9.990e-29
*END*
      1.289    15.4050  42.894915    34.6186     0.0985 4.4054e+02     0.4211          1  1025.5941     0.0695  0.000e+00
      1.296    15.4056  42.892889    34.6163     0.1033 4.1346e+02     0.4265          2  1025.5922     0.0674  0.000e+00
      1.304    15.4093  42.885457    34.6063     0.1081 4.3462e+02     0.4319          3  1025.5837     0.0681  0.000e+00
      1.308    15.4158  42.881674    34.5972     0.1074 4.5862e+02     0.4297          4  1025.5753     0.0684  0.000e+00
      1.311    15.4159  42.882012    34.5974     0.1066 4.1623e+02     0.4269          5  1025.5754     0.0687  0.000e+00
      1.304    15.4141  42.899643    34.6149     0.1043 4.0955e+02     0.4221          6  1025.5893     0.0694  0.000e+00
      1.315    15.4089  42.896401    34.6166     0.1022 4.3044e+02     0.4165          7  1025.5918     0.0687  0.000e+00
      1.321    15.3972  42.900456    34.6305     0.1046 4.4474e+02     0.4250          8  1025.6052     0.0697  0.000e+00
      1.321    15.3903  42.869992    34.6091     0.1079 4.8319e+02     0.4328          9  1025.5902     0.0684  0.000e+00
      1.317    15.3998  42.861009    34.5926     0.1065 5.2084e+02     0.4295         10  1025.5753     0.0690  0.000e+00
      1.317    15.4008  42.882014    34.6107     0.1037 4.9863e+02     0.4262         11  1025.5891     0.0689  0.000e+00
      1.315    15.3855  42.858782    34.6032     0.1215 4.6365e+02     0.5052         12  1025.5867     0.0681  0.000e+00
      1.333    15.3777  42.857500    34.6089     0.1399 4.7062e+02     0.5844         13  1025.5929     0.0689  0.000e+00
      1.340    15.3748  42.862498    34.6160     0.1304 4.3907e+02     0.5167         14  1025.5991     0.0694  0.000e+00
      1.340    15.3732  42.854259    34.6100     0.1220 4.7137e+02     0.4502         15  1025.5947     0.0716  0.000e+00
      1.333    15.3793  42.851287    34.6019     0.1069 4.8703e+02     0.4287         16  1025.5871     0.0723  0.000e+00
      1.336    15.3828  42.858647    34.6055     0.0924 5.1339e+02     0.4083         17  1025.5891     0.0671  0.000e+00
      1.327    15.3731  42.858514    34.6139     0.0895 5.2057e+02     0.4037         18  1025.5977     0.0663  0.000e+00
      1.327    15.3477  42.849806    34.6284     0.0864 4.9003e+02     0.4001         19  1025.6146     0.0666  0.000e+00
      1.323    15.3275  42.848661    34.6453     0.0880 5.2415e+02     0.4030         20  1025.6321     0.0663  0.000e+00
      1.315    15.3162  42.846839    34.6536     0.0902 4.9741e+02     0.4068         21  1025.6410     0.0659  0.000e+00
      1.315    15.3150  42.845624    34.6536     0.0888 4.8712e+02     0.4042         22  1025.6412     0.0657  0.000e+00
      1.308    15.3164  42.853321    34.6593     0.0876 5.0729e+02     0.4022         23  1025.6452     0.0665  0.000e+00
      1.298    15.3165  42.863249    34.6682     0.0883 5.0971e+02     0.4007         24  1025.6520     0.0685  0.000e+00
      1.298    15.3230  42.866760    34.6656     0.0889 5.0259e+02     0.3995         25  1025.6486     0.0674  0.000e+00
      1.292    15.3249  42.847648    34.6467     0.0875 4.8082e+02     0.4016         26  1025.6336     0.0688  0.000e+00
      1.296    15.3267  42.849066    34.6464     0.0863 4.9297e+02     0.4042         27  1025.6329     0.0688  0.000e+00
      1.289    15.3299  42.856291    34.6501     0.0866 4.8455e+02     0.3998         28  1025.6351     0.0698  0.000e+00
      1.283    15.3365  42.851563    34.6400     0.0866 5.1574e+02     0.3960         29  1025.6258     0.0691  0.000e+00
      1.283    15.3411  42.856762    34.6406     0.0869 4.9098e+02     0.4010         30  1025.6252     0.0695  0.000e+00
      1.279    15.3438  42.851764    34.6337     0.0876 4.7228e+02     0.4056         31  1025.6193     0.0683  0.000e+00
      1.289    15.3471  42.851291    34.6303     0.0874 4.6659e+02     0.4025         32  1025.6160     0.0702  0.000e+00
      1.289    15.3493  42.855005    34.6318     0.0853 4.7704e+02     0.3985         33  1025.6167     0.0717  0.000e+00
      1.279    15.3515  42.847307    34.6228     0.0854 4.9645e+02     0.3992         34  1025.6092     0.0713  0.000e+00
      1.277    15.3522  42.855545    34.6296     0.0863 5.0065e+02     0.3999         35  1025.6143     0.0717  0.000e+00
      1.277    15.3547  42.852641    34.6249     0.0867 4.7029e+02     0.4002         36  1025.6101     0.0706  0.000e+00
      1.277    15.3595  42.851762    34.6198     0.0851 4.4772e+02     0.4066         37  1025.6051     0.0702  0.000e+00
      1.285    15.3635  42.858245    34.6222     0.0855 4.7695e+02     0.4070         38  1025.6061     0.0699  0.000e+00
      1.285    15.3654  42.847170    34.6104     0.0849 4.6618e+02     0.4008         39  1025.5966     0.0680  0.000e+00
      1.279    15.3644  42.849803    34.6137     0.0854 4.8541e+02     0.4011         40  1025.5993     0.0675  0.000e+00
      1.283    15.3635  42.852775    34.6172     0.0856 4.6316e+02     0.4007         41  1025.6022     0.0682  0.000e+00
      1.289    15.3629  42.851762    34.6168     0.0851 4.7311e+02     0.4012         42  1025.6021     0.0708  0.000e+00
      1.289    15.3617  42.855544    34.6212     0.0852 4.3768e+02     0.4068         43  1025.6058     0.0719  0.000e+00
      1.292    15.3609  42.855746    34.6222     0.0850 4.6186e+02     0.4063         44  1025.6067     0.0697  0.000e+00
      1.292    15.3628  42.852234    34.6174     0.0863 4.9271e+02     0.4198         45  1025.6026     0.0696  0.000e+00
      1.289    15.3651  42.858244    34.6207     0.0862 4.7320e+02     0.4200         46  1025.6046     0.0689  0.000e+00
      1.289    15.3653  42.856759    34.6192     0.0863 4.6700e+02     0.4106         47  1025.6034     0.0719  0.000e+00
      1.292    15.3678  42.856758    34.6170     0.0863 4.8252e+02     0.4098         48  1025.6012     0.0726  0.000e+00
      1.296    15.3703  42.861283    34.6189     0.0876 4.5381e+02     0.4141         49  1025.6021     0.0725  0.000e+00
      1.296    15.3703  42.862228    34.6197     0.0880 4.6553e+02     0.4136         50  1025.6027     0.0713  0.000e+00
      1.311    15.3714  42.857771    34.6147     0.0863 4.4054e+02     0.4020         51  1025.5987     0.0697  0.000e+00
      1.342    15.3809  42.848113    34.5976     0.0863 4.1572e+02     0.4018         52  1025.5835     0.0706  0.000e+00
      1.393    15.3919  42.846086    34.5861     0.0886 4.1397e+02     0.4102         53  1025.5724     0.0709  0.000e+00
      1.463    15.3968  42.844330    34.5801     0.0889 3.8546e+02     0.4102         54  1025.5670     0.0705  0.000e+00
      1.571    15.3859  42.842644    34.5882     0.0876 3.5075e+02     0.4012         55  1025.5761     0.0704  0.000e+00
      1.692    15.3697  42.841836    34.6016     0.0875 3.2046e+02     0.4009         56  1025.5907     0.0697  0.000e+00
      1.843    15.3353  42.837318    34.6279     0.0862 2.9490e+02     0.3997         57  1025.6192     0.0683  0.000e+00
      2.008    15.2786  42.830980    34.6722     0.0866 2.7315e+02     0.3994         58  1025.6667     0.0659  0.000e+00
      2.185    15.2514  42.832200    34.6973     0.0840 2.6515e+02     0.3872         59  1025.6929     0.0640  0.000e+00
      2.340    15.2484  42.840843    34.7077     0.0838 2.5559e+02     0.3877         60  1025.7022     0.0666  0.000e+00
      2.491    15.2481  42.849284    34.7156     0.0841 2.4521e+02     0.3819         61  1025.7090     0.0678  0.000e+00
      2.623    15.2504  42.853539    34.7174     0.0834 2.3216e+02     0.3820         62  1025.7105     0.0659  0.000e+00
      2.787    15.2559  42.833619    34.6944     0.0837 2.1007e+02     0.3909         63  1025.6923     0.0650  0.000e+00
      2.981    15.2800  42.832199    34.6717     0.0835 1.8604e+02     0.3913         64  1025.6703     0.0664  0.000e+00
      3.205    15.2963  42.831252    34.6563     0.0851 1.7033e+02     0.3992         65  1025.6558     0.0671  0.000e+00
      3.421    15.2822  42.835374    34.6725     0.0851 1.6289e+02     0.3999         66  1025.6724     0.0656  0.000e+00
      3.616    15.2701  42.836591    34.6842     0.0824 1.6065e+02     0.3913         67  1025.6849     0.0661  0.000e+00
      3.780    15.2821  42.836861    34.6737     0.0825 1.5575e+02     0.3917         68  1025.6750     0.0690  0.000e+00
      3.945    15.2909  42.841721    34.6703     0.0832 1.4451e+02     0.3889         69  1025.6710     0.0696  0.000e+00
      4.128    15.2826  42.833351    34.6699     0.0831 1.3287e+02     0.3887         70  1025.6735     0.0687  0.000e+00
      4.338    15.2605  42.827886    34.6845     0.0804 1.2205e+02     0.3832         71  1025.6905     0.0642  0.000e+00
      4.545    15.2333  42.826473    34.7073     0.0806 1.1489e+02     0.3829         72  1025.7150     0.0625  0.000e+00
      4.754    15.2060  42.830664    34.7352     0.0779 1.0944e+02     0.3835         73  1025.7435     0.0606  0.000e+00
      4.934    15.1884  42.835393    34.7550     0.0785 1.0437e+02     0.3833         74  1025.7634     0.0619  0.000e+00
      5.116    15.1717  42.828374    34.7635     0.0786 9.9879e+01     0.3853         75  1025.7745     0.0596  0.000e+00
      5.304    15.1540  42.819669    34.7712     0.0781 9.3834e+01     0.3854         76  1025.7852     0.0594  0.000e+00
      5.487    15.1399  42.816431    34.7807     0.0757 8.8357e+01     0.3764         77  1025.7964     0.0590  0.000e+00
      5.669    15.1307  42.819809    34.7919     0.0756 8.4898e+01     0.3768         78  1025.8079     0.0600  0.000e+00
      5.836    15.1262  42.828654    34.8038     0.0770 8.2079e+01     0.3822         79  1025.8188     0.0608  0.000e+00
      5.998    15.1242  42.822916    34.8004     0.0770 7.8534e+01     0.3828         80  1025.8173     0.0581  0.000e+00
      6.187    15.1224  42.811711    34.7917     0.0766 7.3198e+01     0.3758         81  1025.8119     0.0577  0.000e+00
      6.408    15.1182  42.807730    34.7917     0.0769 6.6646e+01     0.3760         82  1025.8138     0.0587  0.000e+00
      6.628    15.1114  42.807732    34.7977     0.0746 6.2665e+01     0.3775         83  1025.8209     0.0597  0.000e+00
      6.819    15.1064  42.829673    34.8221     0.0746 6.1767e+01     0.3772         84  1025.8416     0.0581  0.000e+00
      6.944    15.1145  42.811513    34.7982     0.0746 6.1887e+01     0.3832         85  1025.8220     0.0587  0.000e+00
      7.044    15.1233  42.820220    34.7983     0.0744 6.0979e+01     0.3833         86  1025.8205     0.0591  0.000e+00
      7.157    15.1275  42.824338    34.7983     0.0761 5.8088e+01     0.3799         87  1025.8201     0.0610  0.000e+00
      7.326    15.1159  42.808747    34.7943     0.0766 5.3618e+01     0.3790         88  1025.8203     0.0607  0.000e+00
      7.514    15.1015  42.803282    34.8021     0.0763 4.9709e+01     0.3790         89  1025.8304     0.0587  0.000e+00
      7.712    15.0949  42.806726    34.8110     0.0744 4.7227e+01     0.3799         90  1025.8396     0.0585  0.000e+00
      7.889    15.0924  42.826777    34.8315     0.0742 4.5778e+01     0.3799         91  1025.8567     0.0598  0.000e+00
      8.026    15.0929  42.826912    34.8311     0.0737 4.4852e+01     0.3788         92  1025.8569     0.0591  0.000e+00
      8.158    15.1001  42.834676    34.8317     0.0731 4.3186e+01     0.3772         93  1025.8564     0.0583  0.000e+00
      8.291    15.1015  42.823199    34.8199     0.0733 4.1086e+01     0.3764         94  1025.8476     0.0578  0.000e+00
      8.436    15.0953  42.814627    34.8176     0.0728 3.8999e+01     0.3786         95  1025.8478     0.0563  0.000e+00
      8.575    15.0893  42.831978    34.8386     0.0721 3.8096e+01     0.3806         96  1025.8659     0.0566  0.000e+00
      8.663    15.0912  42.824214    34.8299     0.0731 3.7842e+01     0.3795         97  1025.8592     0.0556  0.000e+00
      8.726    15.1050  42.820095    34.8138     0.0744 3.7609e+01     0.3786         98  1025.8440     0.0572  0.000e+00
      8.763    15.1093  42.819217    34.8091     0.0742 3.7556e+01     0.3762         99  1025.8396     0.0581  0.000e+00
      8.782    15.1049  42.819487    34.8133     0.0748 3.7431e+01     0.3733        100  1025.8439     0.0565  0.000e+00
      8.795    15.1029  42.822188    34.8176     0.0748 3.7391e+01     0.3771        101  1025.8477     0.0549  0.000e+00
      8.795    15.1026  42.822188    34.8178     0.0760 3.7550e+01     0.3806        102  1025.8479     0.0568  0.000e+00
      8.789    15.1012  42.822458    34.8193     0.0760 3.7862e+01     0.3815        103  1025.8493     0.0580  0.000e+00
      8.782    15.1027  42.826779    34.8219     0.0758 3.8009e+01     0.3817        104  1025.8510     0.0578  0.000e+00
      8.789    15.1045  42.842037    34.8342     0.0765 3.7543e+01     0.3819        105  1025.8601     0.0562  0.000e+00
      8.808    15.1045  42.840417    34.8327     0.0770 3.6506e+01     0.3823        106  1025.8590     0.0564  0.000e+00
      8.832    15.1051  42.840890    34.8326     0.0760 3.5812e+01     0.3809        107  1025.8589     0.0574  0.000e+00
      8.851    15.1128  42.812736    34.8001     0.0760 3.5906e+01     0.3799        108  1025.8323     0.0580  0.000e+00
      8.839    15.1058  42.806797    34.8009     0.0764 3.6468e+01     0.3787        109  1025.8344     0.0581  0.000e+00
      8.820    15.0987  42.810443    34.8106     0.0768 3.7129e+01     0.3788        110  1025.8434     0.0568  0.000e+00
      8.807    15.1017  42.828669    34.8245     0.0772 3.7319e+01     0.3807        111  1025.8533     0.0586  0.000e+00
      8.801    15.1040  42.830694    34.8243     0.0770 3.6913e+01     0.3828        112  1025.8526     0.0582  0.000e+00
      8.801    15.1015  42.828939    34.8250     0.0763 3.5761e+01     0.3809        113  1025.8537     0.0589  0.000e+00
      8.845    15.0940  42.819354    34.8229     0.0757 3.4535e+01     0.3787        114  1025.8540     0.0591  0.000e+00
      8.895    15.0878  42.829414    34.8375     0.0754 3.3345e+01     0.3802        115  1025.8668     0.0596  0.000e+00
      8.932    15.0886  42.809230    34.8184     0.0755 3.3059e+01     0.3822        116  1025.8521     0.0574  0.000e+00
      8.927    15.0891  42.799577    34.8092     0.0760 3.3546e+01     0.3807        117  1025.8449     0.0559  0.000e+00
      8.902    15.0830  42.799308    34.8144     0.0757 3.4462e+01     0.3801        118  1025.8501     0.0578  0.000e+00
      8.883    15.0798  42.808016    34.8252     0.0772 3.4847e+01     0.3867        119  1025.8590     0.0584  0.000e+00
      8.864    15.0828  42.811728    34.8259     0.0783 3.4317e+01     0.3932        120  1025.8589     0.0595  0.000e+00
      8.858    15.0840  42.804033    34.8178     0.0773 3.2902e+01     0.3886        121  1025.8523     0.0586  0.000e+00
      8.877    15.0808  42.803156    34.8199     0.0768 3.1729e+01     0.3831        122  1025.8547     0.0573  0.000e+00
      8.914    15.0784  42.812741    34.8308     0.0768 3.1567e+01     0.3812        123  1025.8638     0.0589  0.000e+00
      8.920    15.0802  42.802818    34.8201     0.0771 3.1987e+01     0.3803        124  1025.8552     0.0581  0.000e+00
      8.907    15.0820  42.799578    34.8155     0.0769 3.2561e+01     0.3809        125  1025.8512     0.0581  0.000e+00
      8.889    15.0806  42.803561    34.8204     0.0770 3.2902e+01     0.3819        126  1025.8552     0.0565  0.000e+00
      8.883    15.0828  42.811525    34.8257     0.0769 3.2722e+01     0.3857        127  1025.8588     0.0575  0.000e+00
      8.895    15.0841  42.810243    34.8234     0.0770 3.1885e+01     0.3902        128  1025.8567     0.0594  0.000e+00
      8.927    15.0823  42.810986    34.8256     0.0760 3.1059e+01     0.3866        129  1025.8590     0.0596  0.000e+00
      8.946    15.0816  42.811728    34.8269     0.0760 3.1229e+01     0.3841        130  1025.8603     0.0584  0.000e+00
      8.933    15.0856  42.797688    34.8106     0.0770 3.1976e+01     0.3836        131  1025.8468     0.0591  0.000e+00
