rawData/offShoreCTD/Station_46.cnv
* Sea-Bird SBE 19plus V2 Data File:
* FileName = C:\Data\CTD\2024\SOES3018 Plymouth\Station_46.hex
* Software Version Seasave V 7.26.7.121
* Temperature SN = 7086
* Conductivity SN = 7086
* System UpLoad Time = Jul 05 2024 08:41:25
* NMEA Latitude = 50 19.69 N
* NMEA Longitude = 004 11.20 W
* NMEA UTC (Time) = Jul 05 2024  08:40:34
** Ship: Callista
** Station: 46
** Operator: Edan
# nquan = 11
# nvalues = 552                                   
# units = specified
# name 0 = prDM: Pressure, Digiquartz [db]
# name 1 = tv290C: Temperature [ITS-90, deg C]
# name 2 = c0mS/cm: Conductivity [mS/cm]
# name 3 = sal00: Salinity, Practical [PSU]
# name 4 = flECO-AFL: Fluorescence, WET Labs ECO-AFL/FL [mg/m^3]
# name 5 = par: PAR/Irradiance, Biospherical/Licor [umol photons/m^2/sec]
# name 6 = turbWETntu0: Turbidity, WET Labs ECO [NTU]
# name 7 = scan: Scan Count
# name 8 = density00: Density [density, kg/m^3]
# name 9 = cdomflTC0: CDOM, Turner Cyclops [ppb QS]
# name 10 = flag:  0.000e+00
# span 0 =      1.391,     11.568                 
# span 1 =    14.5786,    15.0299                 
# span 2 =  42.534073,  42.975191                 
# span 3 =    34.8936,    35.0793                 
# span 4 =     0.0578,     0.1762                 
# span 5 = 1.0158e+02, 1.2556e+03                 
# span 6 =     0.2987,     0.9020                 
# span 7 =          1,        552                 
# span 8 =  1025.9054,  1026.1710                 
# span 9 =     0.0423,     0.0582                 
# span 10 = 0.0000e+00, 0.0000e+00                
# interval = seconds: 0.5
# start_time = Jul 05 2024 08:40:35 [NMEA time, first data scan]
# bad_flag = -9.990e-29
*END*
[from data line 394]
      7.697    14.7138  42.611690    34.9742     0.0776 2.8242e+02     0.3139        395  1026.0488     0.0479  0.000e+00
      7.553    14.7135  42.629409    34.9908     0.0779 2.9677e+02     0.3117        396  1026.0610     0.0483  0.000e+00
      7.393    14.7304  42.645849    34.9907     0.0773 3.0825e+02     0.3114        397  1026.0565     0.0474  0.000e+00
      7.250    14.7474  42.609931    34.9425     0.0768 3.1043e+02     0.3106        398  1026.0150     0.0465  0.000e+00
      7.105    14.7470  42.610874    34.9438     0.0785 3.1421e+02     0.3136        399  1026.0155     0.0475  0.000e+00
      6.974    14.7591  42.616599    34.9382     0.0803 3.2522e+02     0.3163        400  1026.0080     0.0476  0.000e+00
      6.844    14.7693  42.646380    34.9565     0.0812 3.3804e+02     0.3159        401  1026.0192     0.0488  0.000e+00
      6.702    14.7882  42.664912    34.9565     0.0814 3.5603e+02     0.3152        402  1026.0145     0.0503  0.000e+00
      6.554    14.8123  42.667672    34.9375     0.0844 3.9003e+02     0.3227        403  1025.9939     0.0496  0.000e+00
      6.392    14.8212  42.646102    34.9097     0.0866 4.2900e+02     0.3297        404  1025.9699     0.0509  0.000e+00
      6.241    14.8154  42.647585    34.9163     0.0843 4.3953e+02     0.3282        405  1025.9756     0.0497  0.000e+00
      6.090    14.8180  42.657828    34.9235     0.0829 4.3592e+02     0.3272        406  1025.9799     0.0512  0.000e+00
      5.953    14.8290  42.660455    34.9161     0.0821 4.4977e+02     0.3246        407  1025.9711     0.0504  0.000e+00
      5.813    14.8363  42.654994    34.9046     0.0815 4.8541e+02     0.3227        408  1025.9600     0.0474  0.000e+00
      5.674    14.8389  42.645490    34.8936     0.0828 5.1829e+02     0.3299        409  1025.9503     0.0483  0.000e+00
      5.528    14.8322  42.669081    34.9213     0.0844 5.5446e+02     0.3368        410  1025.9726     0.0477  0.000e+00
      5.389    14.8339  42.677574    34.9275     0.0850 5.8058e+02     0.3322        411  1025.9764     0.0493  0.000e+00
      5.244    14.8386  42.655732    34.9034     0.0826 5.9483e+02     0.3210        412  1025.9561     0.0480  0.000e+00
      5.107    14.8345  42.659709    34.9107     0.0837 6.3602e+02     0.3217        413  1025.9620     0.0492  0.000e+00
      4.979    14.8345  42.658495    34.9097     0.0792 6.4039e+02     0.3308        414  1025.9606     0.0504  0.000e+00
      4.840    14.8345  42.679796    34.9293     0.0802 6.4095e+02     0.3310        415  1025.9752     0.0506  0.000e+00
      4.701    14.8399  42.691189    34.9350     0.0802 7.2714e+02     0.3204        416  1025.9777     0.0484  0.000e+00
      4.555    14.8456  42.693210    34.9317     0.0804 8.8418e+02     0.3201        417  1025.9734     0.0494  0.000e+00
      4.411    14.8501  42.676084    34.9121     0.0818 8.8294e+02     0.3248        418  1025.9566     0.0487  0.000e+00
      4.272    14.8507  42.681949    34.9170     0.0814 9.1629e+02     0.3251        419  1025.9596     0.0491  0.000e+00
      4.135    14.8572  42.693004    34.9213     0.0747 8.7753e+02     0.3258        420  1025.9609     0.0501  0.000e+00
      4.009    14.8636  42.699139    34.9212     0.0746 9.4839e+02     0.3259        421  1025.9589     0.0497  0.000e+00
      3.884    14.8643  42.695160    34.9170     0.0735 8.8279e+02     0.3222        422  1025.9549     0.0510  0.000e+00
      3.772    14.8611  42.691182    34.9163     0.0738 9.0668e+02     0.3227        423  1025.9546     0.0526  0.000e+00
      3.670    14.8591  42.685249    34.9127     0.0758 8.9544e+02     0.3210        424  1025.9518     0.0510  0.000e+00
      3.564    14.8578  42.683293    34.9121     0.0759 9.6131e+02     0.3214        425  1025.9512     0.0488  0.000e+00
      3.456    14.8528  42.688013    34.9209     0.0758 9.6809e+02     0.3211        426  1025.9586     0.0485  0.000e+00
      3.354    14.8492  42.678912    34.9159     0.0758 9.8594e+02     0.3210        427  1025.9550     0.0482  0.000e+00
      3.262    14.8496  42.679518    34.9161     0.0735 9.9220e+02     0.3228        428  1025.9547     0.0495  0.000e+00
      3.171    14.8575  42.685988    34.9150     0.0733 9.4490e+02     0.3230        429  1025.9517     0.0472  0.000e+00
      3.082    14.8648  42.679582    34.9026     0.0685 1.0144e+03     0.3192        430  1025.9402     0.0504  0.000e+00
      3.004    14.8629  42.692729    34.9164     0.0684 1.0105e+03     0.3191        431  1025.9509     0.0512  0.000e+00
      2.923    14.8574  42.698393    34.9265     0.0676 9.5290e+02     0.3162        432  1025.9595     0.0507  0.000e+00
      2.848    14.8553  42.697652    34.9278     0.0676 1.0535e+03     0.3168        433  1025.9606     0.0491  0.000e+00
      2.778    14.8551  42.699135    34.9293     0.0689 1.0008e+03     0.3204        434  1025.9615     0.0507  0.000e+00
      2.702    14.8592  42.694684    34.9216     0.0687 1.0219e+03     0.3201        435  1025.9543     0.0506  0.000e+00
      2.639    14.8595  42.686458    34.9138     0.0686 9.7594e+02     0.3224        436  1025.9480     0.0495  0.000e+00
      2.576    14.8577  42.686930    34.9159     0.0688 9.3532e+02     0.3224        437  1025.9497     0.0506  0.000e+00
      2.520    14.8589  42.683356    34.9116     0.0702 9.6588e+02     0.3285        438  1025.9459     0.0465  0.000e+00
      2.455    14.8612  42.685243    34.9113     0.0698 1.0237e+03     0.3288        439  1025.9449     0.0471  0.000e+00
      2.405    14.8571  42.700279    34.9288     0.0626 1.0151e+03     0.3176        440  1025.9590     0.0500  0.000e+00
      2.344    14.8589  42.711675    34.9376     0.0628 1.0810e+03     0.3176        441  1025.9652     0.0503  0.000e+00
      2.288    14.8670  42.713764    34.9323     0.0614 1.0362e+03     0.3164        442  1025.9590     0.0508  0.000e+00
      2.227    14.8704  42.714775    34.9302     0.0615 1.0778e+03     0.3166        443  1025.9564     0.0483  0.000e+00
      2.177    14.8748  42.706682    34.9188     0.0628 1.0689e+03     0.3251        444  1025.9465     0.0484  0.000e+00
      2.124    14.8737  42.699130    34.9129     0.0628 1.0725e+03     0.3249        445  1025.9419     0.0474  0.000e+00
      2.074    14.8728  42.697174    34.9120     0.0590 1.0701e+03     0.3141        446  1025.9412     0.0523  0.000e+00
      2.025    14.8741  42.700141    34.9136     0.0590 1.0317e+03     0.3142        447  1025.9419     0.0502  0.000e+00
      1.987    14.8735  42.692184    34.9068     0.0618 9.0160e+02     0.3118        448  1025.9366     0.0485  0.000e+00
      1.961    14.8734  42.695690    34.9101     0.0616 7.8448e+02     0.3118        449  1025.9391     0.0462  0.000e+00
      1.948    14.8739  42.697915    34.9117     0.1153 7.5553e+02     0.4594        450  1025.9401     0.0468  0.000e+00
      1.935    14.8706  42.718281    34.9333     0.1154 7.8738e+02     0.4588        451  1025.9575     0.0507  0.000e+00
      1.923    14.8743  42.719966    34.9315     0.0699 8.8170e+02     0.3153        452  1025.9552     0.0490  0.000e+00
      1.904    14.8791  42.720707    34.9279     0.0696 9.4590e+02     0.3156        453  1025.9513     0.0488  0.000e+00
      1.872    14.8823  42.714300    34.9191     0.0665 1.0505e+03     0.3188        454  1025.9437     0.0500  0.000e+00
      1.841    14.8823  42.715918    34.9206     0.0662 9.7646e+02     0.3186        455  1025.9447     0.0487  0.000e+00
      1.816    14.8846  42.721313    34.9235     0.0615 9.0748e+02     0.3118        456  1025.9463     0.0515  0.000e+00
      1.809    14.8872  42.722257    34.9221     0.0615 8.3320e+02     0.3117        457  1025.9446     0.0498  0.000e+00
      1.809    14.8869  42.720706    34.9209     0.0579 8.2042e+02     0.2987        458  1025.9438     0.0507  0.000e+00
      1.816    14.8848  42.717604    34.9200     0.0578 8.0260e+02     0.2992        459  1025.9436     0.0477  0.000e+00
      1.816    14.8832  42.723202    34.9266     0.0589 9.1324e+02     0.3005        460  1025.9490     0.0488  0.000e+00
      1.797    14.8839  42.720976    34.9239     0.0586 9.5491e+02     0.3004        461  1025.9467     0.0500  0.000e+00
      1.784    14.8846  42.716255    34.9189     0.0628 9.3204e+02     0.3062        462  1025.9426     0.0518  0.000e+00
      1.771    14.8841  42.719020    34.9219     0.0628 9.2016e+02     0.3057        463  1025.9450     0.0522  0.000e+00
      1.759    14.8837  42.719222    34.9224     0.0623 8.9324e+02     0.3068        464  1025.9454     0.0511  0.000e+00
      1.766    14.8841  42.716053    34.9192     0.0593 8.8854e+02     0.3069        465  1025.9429     0.0542  0.000e+00
      1.759    14.8845  42.713760    34.9168     0.0593 8.5216e+02     0.3070        466  1025.9409     0.0517  0.000e+00
      1.772    14.8832  42.718750    34.9225     0.0589 8.4976e+02     0.3071        467  1025.9457     0.0496  0.000e+00
      1.778    14.8831  42.718481    34.9223     0.0612 8.6863e+02     0.3085        468  1025.9456     0.0484  0.000e+00
      1.790    14.8832  42.719020    34.9227     0.0616 8.4768e+02     0.3096        469  1025.9459     0.0509  0.000e+00
      1.790    14.8831  42.716862    34.9208     0.0607 8.8263e+02     0.3109        470  1025.9445     0.0507  0.000e+00
      1.803    14.8826  42.714030    34.9187     0.0605 8.3174e+02     0.3114        471  1025.9430     0.0527  0.000e+00
      1.828    14.8816  42.714772    34.9202     0.0608 7.9586e+02     0.3112        472  1025.9445     0.0543  0.000e+00
      1.854    14.8814  42.713019    34.9188     0.0615 8.4263e+02     0.3116        473  1025.9436     0.0531  0.000e+00
      1.866    14.8804  42.719695    34.9258     0.0617 8.3790e+02     0.3101        474  1025.9492     0.0508  0.000e+00
      1.860    14.8817  42.719763    34.9247     0.0616 8.6422e+02     0.3090        475  1025.9481     0.0519  0.000e+00
      1.854    14.8829  42.715514    34.9197     0.0621 8.7016e+02     0.3107        476  1025.9439     0.0497  0.000e+00
      1.854    14.8822  42.716053    34.9209     0.0625 8.3394e+02     0.3115        477  1025.9450     0.0494  0.000e+00
      1.866    14.8819  42.717537    34.9225     0.0619 8.9136e+02     0.3134        478  1025.9464     0.0495  0.000e+00
      1.885    14.8825  42.716795    34.9213     0.0613 8.3687e+02     0.3158        479  1025.9454     0.0491  0.000e+00
      1.910    14.8829  42.714772    34.9190     0.0622 7.9698e+02     0.3133        480  1025.9436     0.0495  0.000e+00
      1.929    14.8822  42.719021    34.9236     0.0625 7.9642e+02     0.3119        481  1025.9474     0.0489  0.000e+00
      1.942    14.8821  42.720572    34.9251     0.0634 8.4768e+02     0.3108        482  1025.9486     0.0494  0.000e+00
      1.942    14.8829  42.720505    34.9242     0.0639 8.4693e+02     0.3107        483  1025.9478     0.0504  0.000e+00
      1.936    14.8835  42.721246    34.9244     0.0625 7.7407e+02     0.3117        484  1025.9478     0.0488  0.000e+00
      1.929    14.8828  42.720167    34.9241     0.0616 7.9544e+02     0.3129        485  1025.9477     0.0501  0.000e+00
      1.929    14.8830  42.716660    34.9207     0.0608 8.4026e+02     0.3144        486  1025.9450     0.0520  0.000e+00
      1.929    14.8846  42.720707    34.9230     0.0605 8.1869e+02     0.3165        487  1025.9464     0.0496  0.000e+00
      1.923    14.8851  42.725225    34.9266     0.0598 8.1082e+02     0.3151        488  1025.9491     0.0495  0.000e+00
      1.923    14.8874  42.724213    34.9236     0.0594 8.6285e+02     0.3130        489  1025.9463     0.0491  0.000e+00
      1.923    14.8874  42.718278    34.9182     0.0593 7.7693e+02     0.3138        490  1025.9421     0.0503  0.000e+00
      1.929    14.8866  42.719965    34.9205     0.0594 8.1468e+02     0.3153        491  1025.9441     0.0533  0.000e+00
      1.942    14.8859  42.720707    34.9218     0.0585 8.1568e+02     0.3149        492  1025.9453     0.0522  0.000e+00
      1.955    14.8856  42.720707    34.9221     0.0580 7.9474e+02     0.3153        493  1025.9456     0.0506  0.000e+00
      1.961    14.8843  42.721246    34.9237     0.0591 8.0684e+02     0.3133        494  1025.9471     0.0507  0.000e+00
      1.954    14.8836  42.719763    34.9229     0.0601 8.2563e+02     0.3117        495  1025.9467     0.0486  0.000e+00
      1.954    14.8832  42.719021    34.9227     0.0604 7.8076e+02     0.3135        496  1025.9466     0.0523  0.000e+00
      1.955    14.8826  42.718212    34.9225     0.0605 7.9628e+02     0.3153        497  1025.9466     0.0507  0.000e+00
      1.954    14.8821  42.722798    34.9271     0.0596 8.9230e+02     0.3132        498  1025.9503     0.0488  0.000e+00
      1.948    14.8836  42.724214    34.9271     0.0589 8.4100e+02     0.3117        499  1025.9499     0.0492  0.000e+00
      1.935    14.8853  42.721381    34.9230     0.0596 8.4530e+02     0.3120        500  1025.9463     0.0505  0.000e+00
      1.935    14.8852  42.722123    34.9237     0.0604 8.5892e+02     0.3127        501  1025.9469     0.0501  0.000e+00
      1.955    14.8860  42.723944    34.9246     0.0596 8.0091e+02     0.3133        502  1025.9475     0.0496  0.000e+00
      1.999    14.8897  42.723202    34.9207     0.0580 7.7217e+02     0.3136        503  1025.9438     0.0468  0.000e+00
      2.006    14.8905  42.728732    34.9249     0.0588 7.6206e+02     0.3139        504  1025.9470     0.0488  0.000e+00
      1.998    14.8908  42.732172    34.9279     0.0607 8.4530e+02     0.3138        505  1025.9492     0.0483  0.000e+00
      1.979    14.8936  42.733925    34.9269     0.0609 8.7430e+02     0.3140        506  1025.9477     0.0471  0.000e+00
      1.967    14.8955  42.728664    34.9205     0.0616 8.7707e+02     0.3140        507  1025.9423     0.0483  0.000e+00
      1.961    14.8952  42.729473    34.9214     0.0610 8.7092e+02     0.3175        508  1025.9430     0.0476  0.000e+00
      1.961    14.8952  42.731159    34.9230     0.0603 8.1125e+02     0.3212        509  1025.9443     0.0465  0.000e+00
      1.979    14.8960  42.732643    34.9236     0.0602 7.5248e+02     0.3202        510  1025.9446     0.0496  0.000e+00
      2.011    14.8964  42.730687    34.9215     0.0601 7.9754e+02     0.3188        511  1025.9430     0.0495  0.000e+00
      2.031    14.8964  42.732778    34.9234     0.0613 7.9600e+02     0.3167        512  1025.9446     0.0478  0.000e+00
      2.023    14.8969  42.736893    34.9266     0.0628 8.3673e+02     0.3152        513  1025.9470     0.0494  0.000e+00
      2.005    14.8991  42.735611    34.9235     0.0621 8.6316e+02     0.3139        514  1025.9440     0.0498  0.000e+00
      1.992    14.8987  42.732171    34.9207     0.0611 8.3423e+02     0.3127        515  1025.9419     0.0489  0.000e+00
      1.986    14.8983  42.734329    34.9231     0.0613 8.3306e+02     0.3155        516  1025.9438     0.0509  0.000e+00
      1.992    14.8985  42.735409    34.9239     0.0619 7.9293e+02     0.3173        517  1025.9444     0.0503  0.000e+00
      1.999    14.8979  42.734397    34.9235     0.0620 7.9558e+02     0.3183        518  1025.9443     0.0511  0.000e+00
      1.992    14.8979  42.735139    34.9242     0.0608 8.5141e+02     0.3142        519  1025.9447     0.0507  0.000e+00
      1.986    14.8983  42.734329    34.9231     0.0609 8.1054e+02     0.3146        520  1025.9437     0.0500  0.000e+00
      1.980    14.8979  42.732913    34.9222     0.0615 8.5335e+02     0.3139        521  1025.9431     0.0516  0.000e+00
      1.980    14.8976  42.733655    34.9231     0.0623 8.4085e+02     0.3142        522  1025.9439     0.0507  0.000e+00
      1.986    14.8972  42.733048    34.9229     0.0615 7.8738e+02     0.3152        523  1025.9438     0.0513  0.000e+00
      1.998    14.8969  42.732441    34.9227     0.0615 8.1439e+02     0.3152        524  1025.9438     0.0507  0.000e+00
