rawData/offShoreCTD/Station_50.cnv
* Sea-Bird SBE 19plus V2 Data File:
* FileName = C:\Data\CTD\2024\SOES3018 Plymouth\Station_50.hex
* Software Version Seasave V 7.26.7.121
* Temperature SN = 7086
* Conductivity SN = 7086
* System UpLoad Time = Jul 05 2024 12:24:31
* NMEA Latitude = 50 19.74 N
* NMEA Longitude = 004 11.24 W
* NMEA UTC (Time) = Jul 05 2024  12:23:40
** Ship: Callista
** Station: 50
** Operator: Edan
# nquan = 11
# nvalues = 291                                   
# units = specified
# name 0 = prDM: Pressure, Digiquartz [db]
# name 1 = tv290C: Temperature [ITS-90, deg C]
# name 2 = c0mS/cm: Conductivity [mS/cm]
# name 3 = sal00: Salinity, Practical [PSU]
# name 4 = flECO-AFL: Fluorescence, WET Labs ECO-AFL/FL [mg/m^3]
# name 5 = par: PAR/Irradiance, Biospherical/Licor [umol photons/m^2/sec]
# name 6 = turbWETntu0: Turbidity, WET Labs ECO [NTU]
# name 7 = scan: Scan Count
# name 8 = density00: Density [density, kg/m^3]
# name 9 = cdomflTC0: CDOM, Turner Cyclops [ppb QS]
# name 10 = flag:  0.000e+00
# span 0 =      1.623,     10.594                 
# span 1 =    14.8864,    15.3762                 
# span 2 =  42.747857,  42.980013                 
# span 3 =    34.6857,    34.9934                 
# span 4 =     0.0771,     0.0952                 
# span 5 = 1.9821e+01, 3.0760e+02                 
# span 6 =     0.3340,     0.5769                 
# span 7 =          1,        291                 
# span 8 =  1025.6578,  1026.0368                 
# span 9 =     0.0470,     0.0615                 
# span 10 = 0.0000e+00, 0.0000e+00                
# interval = seconds: 0.5
# start_time = Jul 05 2024 12:23:41 [NMEA time, first data scan]
# bad_flag = -9.990e-29
*END*
      1.669    15.3549  42.933438    34.6975     0.0911 2.7990e+02     0.4076          1  1025.6677     0.0603  0.000e+00
      1.667    15.3530  42.968655    34.7310     0.0918 2.8552e+02     0.4076          2  1025.6940     0.0596  0.000e+00
      1.656    15.3602  42.978795    34.7339     0.0921 2.7095e+02     0.4830          3  1025.6945     0.0600  0.000e+00
      1.662    15.3606  42.978930    34.7337     0.0916 2.7238e+02     0.5576          4  1025.6943     0.0586  0.000e+00
      1.655    15.3555  42.980013    34.7392     0.0912 2.7042e+02     0.5532          5  1025.6996     0.0585  0.000e+00
      1.650    15.3702  42.939113    34.6891     0.0901 2.8471e+02     0.5483          6  1025.6578     0.0604  0.000e+00
      1.637    15.3708  42.943371    34.6924     0.0922 2.9682e+02     0.5489          7  1025.6601     0.0585  0.000e+00
      1.623    15.3740  42.976900    34.7200     0.0940 2.9304e+02     0.5492          8  1025.6806     0.0587  0.000e+00
      1.625    15.3762  42.948372    34.6922     0.0919 2.7483e+02     0.5594          9  1025.6587     0.0593  0.000e+00
      1.650    15.3554  42.930667    34.6946     0.0902 2.7028e+02     0.5698         10  1025.6653     0.0573  0.000e+00
      1.686    15.3283  42.951285    34.7372     0.0911 2.5371e+02     0.5654         11  1025.7043     0.0609  0.000e+00
      1.719    15.3258  42.931415    34.7214     0.0912 2.5957e+02     0.5602         12  1025.6929     0.0600  0.000e+00
      1.706    15.3357  42.915399    34.6982     0.0915 2.7609e+02     0.5599         13  1025.6727     0.0593  0.000e+00
      1.693    15.3375  42.920398    34.7011     0.0911 2.9263e+02     0.5599         14  1025.6745     0.0603  0.000e+00
      1.681    15.3406  42.952162    34.7271     0.0920 3.0023e+02     0.5582         15  1025.6938     0.0595  0.000e+00
      1.669    15.3433  42.930129    34.7048     0.0928 2.8198e+02     0.5549         16  1025.6759     0.0590  0.000e+00
      1.662    15.3373  42.919385    34.7004     0.0920 2.6820e+02     0.5492         17  1025.6738     0.0595  0.000e+00
      1.675    15.3304  42.937429    34.7228     0.0915 2.6900e+02     0.5437         18  1025.6927     0.0611  0.000e+00
      1.680    15.3321  42.929792    34.7144     0.0915 2.6283e+02     0.5467         19  1025.6859     0.0615  0.000e+00
      1.669    15.3373  42.921412    34.7022     0.0914 2.8054e+02     0.5492         20  1025.6753     0.0608  0.000e+00
      1.662    15.3373  42.928643    34.7088     0.0918 2.8471e+02     0.5540         21  1025.6803     0.0600  0.000e+00
      1.650    15.3420  42.952635    34.7264     0.0928 2.9175e+02     0.5586         22  1025.6928     0.0598  0.000e+00
      1.650    15.3470  42.942901    34.7131     0.0927 2.7262e+02     0.5631         23  1025.6814     0.0596  0.000e+00
      1.656    15.3420  42.934927    34.7103     0.0928 2.7157e+02     0.5673         24  1025.6804     0.0599  0.000e+00
      1.674    15.3293  42.953043    34.7380     0.0924 2.6026e+02     0.5605         25  1025.7046     0.0590  0.000e+00
      1.675    15.3284  42.939119    34.7261     0.0913 2.6952e+02     0.5531         26  1025.6957     0.0593  0.000e+00
      1.675    15.3378  42.924183    34.7043     0.0920 2.6905e+02     0.5570         27  1025.6768     0.0591  0.000e+00
      1.656    15.3350  42.920399    34.7034     0.0926 3.0081e+02     0.5624         28  1025.6766     0.0585  0.000e+00
      1.650    15.3381  42.950878    34.7282     0.0918 2.6376e+02     0.5677         29  1025.6950     0.0598  0.000e+00
      1.642    15.3433  42.941618    34.7152     0.0915 2.9635e+02     0.5724         30  1025.6838     0.0600  0.000e+00
      1.650    15.3367  42.936888    34.7168     0.0914 2.5826e+02     0.5742         31  1025.6865     0.0604  0.000e+00
      1.650    15.3281  42.952164    34.7382     0.0915 2.6929e+02     0.5769         32  1025.7050     0.0597  0.000e+00
      1.650    15.3333  42.933644    34.7169     0.0918 2.7838e+02     0.5749         33  1025.6874     0.0579  0.000e+00
      1.644    15.3373  42.932427    34.7122     0.0918 2.8496e+02     0.5732         34  1025.6828     0.0566  0.000e+00
      1.631    15.3403  42.957164    34.7319     0.0915 2.8207e+02     0.5729         35  1025.6973     0.0591  0.000e+00
      1.629    15.3453  42.952161    34.7230     0.0919 2.7551e+02     0.5729         36  1025.6894     0.0580  0.000e+00
      1.637    15.3373  42.944863    34.7235     0.0910 2.6862e+02     0.5615         37  1025.6915     0.0584  0.000e+00
      1.644    15.3250  42.954395    34.7430     0.0903 2.7128e+02     0.5494         38  1025.7093     0.0575  0.000e+00
      1.650    15.3184  42.953923    34.7484     0.0908 2.7853e+02     0.5576         39  1025.7150     0.0589  0.000e+00
      1.644    15.3334  42.934928    34.7179     0.0913 2.5948e+02     0.5657         40  1025.6881     0.0580  0.000e+00
      1.636    15.3375  42.931143    34.7109     0.0921 3.0013e+02     0.5686         41  1025.6818     0.0568  0.000e+00
      1.629    15.3368  42.950811    34.7293     0.0925 2.7648e+02     0.5705         42  1025.6961     0.0569  0.000e+00
      1.631    15.3411  42.952635    34.7271     0.0924 2.7731e+02     0.5738         43  1025.6935     0.0579  0.000e+00
      1.637    15.3289  42.933172    34.7203     0.0927 2.6460e+02     0.5769         44  1025.6909     0.0583  0.000e+00
      1.656    15.3058  42.943177    34.7498     0.0924 2.6623e+02     0.5721         45  1025.7189     0.0598  0.000e+00
      1.662    15.3008  42.919187    34.7326     0.0926 2.4763e+02     0.5672         46  1025.7067     0.0590  0.000e+00
      1.655    15.3015  42.911146    34.7247     0.0927 2.9371e+02     0.5682         47  1025.7004     0.0575  0.000e+00
      1.642    15.2996  42.917836    34.7324     0.0928 2.9547e+02     0.5702         48  1025.7068     0.0562  0.000e+00
      1.631    15.3049  42.934932    34.7432     0.0925 2.9042e+02     0.5715         49  1025.7139     0.0588  0.000e+00
      1.625    15.3039  42.916146    34.7270     0.0931 2.9376e+02     0.5731         50  1025.7016     0.0587  0.000e+00
      1.625    15.2952  42.906958    34.7265     0.0922 2.6311e+02     0.5721         51  1025.7031     0.0587  0.000e+00
      1.648    15.2872  42.912162    34.7383     0.0917 2.6778e+02     0.5705         52  1025.7141     0.0584  0.000e+00
      1.674    15.2811  42.930002    34.7598     0.0908 2.6095e+02     0.5666         53  1025.7321     0.0592  0.000e+00
      1.693    15.2874  42.915000    34.7406     0.0904 2.6408e+02     0.5624         54  1025.7161     0.0613  0.000e+00
      1.688    15.2947  42.903918    34.7241     0.0909 2.6246e+02     0.5600         55  1025.7017     0.0581  0.000e+00
      1.675    15.2899  42.904662    34.7290     0.0918 3.0539e+02     0.5461         56  1025.7065     0.0580  0.000e+00
      1.662    15.2858  42.924392    34.7505     0.0915 2.6543e+02     0.5456         57  1025.7239     0.0575  0.000e+00
      1.655    15.2891  42.911418    34.7359     0.0925 2.8297e+02     0.5661         58  1025.7118     0.0595  0.000e+00
      1.661    15.2883  42.904459    34.7303     0.0934 2.5948e+02     0.5666         59  1025.7078     0.0613  0.000e+00
      1.669    15.2844  42.917906    34.7460     0.0915 2.6820e+02     0.5673         60  1025.7207     0.0594  0.000e+00
      1.662    15.2895  42.905675    34.7303     0.0918 2.7512e+02     0.5669         61  1025.7075     0.0603  0.000e+00
      1.644    15.3000  42.909660    34.7246     0.0922 2.8242e+02     0.5627         62  1025.7007     0.0589  0.000e+00
      1.637    15.3064  42.916686    34.7253     0.0925 2.8677e+02     0.5620         63  1025.6998     0.0595  0.000e+00
      1.642    15.3089  42.906416    34.7139     0.0929 2.5389e+02     0.5645         64  1025.6904     0.0598  0.000e+00
      1.674    15.3079  42.902092    34.7108     0.0927 2.4995e+02     0.5646         65  1025.6885     0.0603  0.000e+00
      1.700    15.3053  42.908173    34.7186     0.0900 2.6553e+02     0.5381         66  1025.6952     0.0581  0.000e+00
      1.694    15.3108  42.894728    34.7016     0.0903 2.6539e+02     0.5382         67  1025.6808     0.0582  0.000e+00
      1.681    15.3139  42.898173    34.7019     0.0939 2.9459e+02     0.5387         68  1025.6803     0.0589  0.000e+00
      1.655    15.3177  42.906212    34.7058     0.0938 3.0760e+02     0.5383         69  1025.6823     0.0590  0.000e+00
      1.648    15.3190  42.896348    34.6958     0.0942 2.6497e+02     0.5310         70  1025.6743     0.0591  0.000e+00
      1.656    15.3214  42.893442    34.6910     0.0940 2.5380e+02     0.5307         71  1025.6701     0.0605  0.000e+00
      1.688    15.3151  42.897699    34.7004     0.0927 2.4877e+02     0.5033         72  1025.6789     0.0610  0.000e+00
      1.713    15.3113  42.893444    34.6999     0.0931 2.4907e+02     0.5030         73  1025.6795     0.0597  0.000e+00
      1.694    15.3191  42.891686    34.6914     0.0914 2.7095e+02     0.4735         74  1025.6711     0.0603  0.000e+00
      1.680    15.3271  42.893915    34.6864     0.0914 2.9078e+02     0.4731         75  1025.6654     0.0598  0.000e+00
      1.669    15.3305  42.897697    34.6868     0.0940 2.7838e+02     0.4983         76  1025.6649     0.0592  0.000e+00
      1.662    15.3228  42.888984    34.6857     0.0943 2.7128e+02     0.4978         77  1025.6657     0.0584  0.000e+00
      1.675    15.3027  42.884731    34.6997     0.0927 2.5776e+02     0.4829         78  1025.6810     0.0590  0.000e+00
      1.700    15.2895  42.888448    34.7147     0.0927 2.4383e+02     0.4829         79  1025.6956     0.0600  0.000e+00
      1.731    15.2827  42.896421    34.7279     0.0924 2.4310e+02     0.4932         80  1025.7075     0.0600  0.000e+00
      1.750    15.2856  42.896353    34.7253     0.0927 2.3599e+02     0.4934         81  1025.7049     0.0591  0.000e+00
      1.782    15.2927  42.904189    34.7261     0.0924 2.3220e+02     0.4901         82  1025.7041     0.0579  0.000e+00
      1.839    15.2913  42.892704    34.7169     0.0922 2.0798e+02     0.4899         83  1025.6976     0.0568  0.000e+00
      1.927    15.2524  42.862787    34.7243     0.0939 2.0122e+02     0.4981         84  1025.7123     0.0564  0.000e+00
      2.067    15.1998  42.844832    34.7546     0.0940 1.7482e+02     0.4980         85  1025.7479     0.0567  0.000e+00
      2.225    15.1742  42.852737    34.7844     0.0939 1.6206e+02     0.4707         86  1025.7773     0.0562  0.000e+00
      2.392    15.1489  42.853822    34.8079     0.0939 1.5955e+02     0.4707         87  1025.8017     0.0552  0.000e+00
      2.556    15.1352  42.860780    34.8264     0.0924 1.5274e+02     0.4771         88  1025.8197     0.0558  0.000e+00
      2.719    15.1258  42.858824    34.8329     0.0924 1.4098e+02     0.4776         89  1025.8275     0.0560  0.000e+00
      2.890    15.1164  42.843632    34.8274     0.0927 1.3152e+02     0.4702         90  1025.8261     0.0561  0.000e+00
      3.071    15.1042  42.831143    34.8269     0.0924 1.2393e+02     0.4705         91  1025.8292     0.0564  0.000e+00
      3.257    15.0931  42.827905    34.8338     0.0915 1.1543e+02     0.4927         92  1025.8378     0.0566  0.000e+00
      3.442    15.0838  42.836887    34.8501     0.0918 1.0960e+02     0.4914         93  1025.8532     0.0578  0.000e+00
      3.618    15.0805  42.848907    34.8639     0.0915 1.0603e+02     0.4728         94  1025.8654     0.0581  0.000e+00
      3.795    15.0780  42.838645    34.8568     0.0918 1.0064e+02     0.4727         95  1025.8612     0.0585  0.000e+00
      3.982    15.0748  42.817717    34.8405     0.0902 9.3078e+01     0.4509         96  1025.8502     0.0554  0.000e+00
      4.189    15.0655  42.808741    34.8406     0.0903 8.6435e+01     0.4508         97  1025.8532     0.0567  0.000e+00
      4.383    15.0558  42.823932    34.8629     0.0902 8.2499e+01     0.4353         98  1025.8734     0.0562  0.000e+00
      4.572    15.0511  42.858437    34.8985     0.0900 8.1489e+01     0.4352         99  1025.9028     0.0567  0.000e+00
      4.737    15.0484  42.834669    34.8792     0.0892 7.8811e+01     0.4343        100  1025.8892     0.0557  0.000e+00
      4.923    15.0483  42.805979    34.8531     0.0892 7.3585e+01     0.4346        101  1025.8699     0.0551  0.000e+00
      5.130    15.0470  42.798825    34.8477     0.0889 6.8537e+01     0.4437        102  1025.8669     0.0560  0.000e+00
      5.343    15.0430  42.803416    34.8553     0.0890 6.4466e+01     0.4443        103  1025.8746     0.0567  0.000e+00
      5.545    15.0397  42.808008    34.8624     0.0879 6.1691e+01     0.4256        104  1025.8817     0.0558  0.000e+00
      5.728    15.0356  42.813747    34.8711     0.0880 6.0402e+01     0.4253        105  1025.8902     0.0558  0.000e+00
      5.888    15.0326  42.818000    34.8777     0.0868 5.9579e+01     0.4185        106  1025.8966     0.0566  0.000e+00
      6.038    15.0293  42.806999    34.8706     0.0869 5.8242e+01     0.4186        107  1025.8925     0.0572  0.000e+00
      6.208    15.0267  42.791071    34.8583     0.0866 5.4733e+01     0.4287        108  1025.8843     0.0568  0.000e+00
      6.433    15.0222  42.783852    34.8556     0.0866 4.9083e+01     0.4348        109  1025.8843     0.0554  0.000e+00
      6.725    15.0112  42.776161    34.8583     0.0873 4.4342e+01     0.4217        110  1025.8900     0.0549  0.000e+00
      7.021    14.9984  42.779876    34.8730     0.0869 4.0093e+01     0.4075        111  1025.9055     0.0533  0.000e+00
      7.261    14.9966  42.789595    34.8834     0.0863 3.8773e+01     0.3850        112  1025.9150     0.0542  0.000e+00
      7.361    15.0044  42.776570    34.8645     0.0855 3.9966e+01     0.3608        113  1025.8992     0.0526  0.000e+00
      7.361    15.0043  42.777380    34.8653     0.0855 4.2298e+01     0.3690        114  1025.8998     0.0539  0.000e+00
      7.347    15.0027  42.797086    34.8847     0.0857 4.3254e+01     0.3776        115  1025.9151     0.0549  0.000e+00
      7.387    15.0025  42.781631    34.8708     0.0860 4.2030e+01     0.3716        116  1025.9046     0.0550  0.000e+00
      7.544    14.9978  42.773670    34.8676     0.0866 3.8903e+01     0.3668        117  1025.9039     0.0545  0.000e+00
      7.821    14.9926  42.768679    34.8677     0.0849 3.4566e+01     0.3682        118  1025.9063     0.0521  0.000e+00
      8.197    14.9768  42.765714    34.8789     0.0833 3.0254e+01     0.3699        119  1025.9201     0.0519  0.000e+00
      8.564    14.9640  42.779685    34.9030     0.0824 2.8398e+01     0.3623        120  1025.9431     0.0510  0.000e+00
      8.822    14.9643  42.772938    34.8965     0.0809 2.8469e+01     0.3547        121  1025.9391     0.0514  0.000e+00
      8.916    14.9688  42.768686    34.8885     0.0812 2.9006e+01     0.3558        122  1025.9324     0.0506  0.000e+00
      8.929    14.9682  42.773207    34.8931     0.0816 2.9371e+01     0.3568        123  1025.9362     0.0513  0.000e+00
      8.979    14.9691  42.786096    34.9041     0.0828 2.8459e+01     0.3560        124  1025.9447     0.0517  0.000e+00
      9.130    14.9705  42.774625    34.8923     0.0841 2.6320e+01     0.3544        125  1025.9359     0.0521  0.000e+00
      9.369    14.9672  42.771725    34.8925     0.0824 2.4175e+01     0.3537        126  1025.9379     0.0510  0.000e+00
      9.633    14.9613  42.775168    34.9008     0.0808 2.3128e+01     0.3524        127  1025.9467     0.0525  0.000e+00
      9.847    14.9571  42.788666    34.9169     0.0805 2.2428e+01     0.3459        128  1025.9610     0.0516  0.000e+00
     10.016    14.9546  42.797981    34.9275     0.0803 2.1954e+01     0.3401        129  1025.9705     0.0517  0.000e+00
     10.148    14.9539  42.804326    34.9339     0.0811 2.1343e+01     0.3394        130  1025.9761     0.0524  0.000e+00
     10.261    14.9548  42.800074    34.9291     0.0815 2.0840e+01     0.3392        131  1025.9728     0.0528  0.000e+00
