rawData/offShoreCTD/Station_46.cnv
* Sea-Bird SBE 19plus V2 Data File:
* FileName = C:\Data\CTD\2024\SOES3018 Plymouth\Station_46.hex
* Software Version Seasave V 7.26.7.121
* Temperature SN = 7086
* Conductivity SN = 7086
* System UpLoad Time = Jul 05 2024 08:41:25
* NMEA Latitude = 50 19.69 N
* NMEA Longitude = 004 11.20 W
* NMEA UTC (Time) = Jul 05 2024  08:40:34
** Ship: Callista
** Station: 46
** Operator: Edan
# nquan = 11
# nvalues = 552                                   
# units = specified
# name 0 = prDM: Pressure, Digiquartz [db]
# name 1 = tv290C: Temperature [ITS-90, deg C]
# name 2 = c0mS/cm: Conductivity [mS/cm]
# name 3 = sal00: Salinity, Practical [PSU]
# name 4 = flECO-AFL: Fluorescence, WET Labs ECO-AFL/FL [mg/m^3]
# name 5 = par: PAR/Irradiance, Biospherical/Licor [umol photons/m^2/sec]
# name 6 = turbWETntu0: Turbidity, WET Labs ECO [NTU]
# name 7 = scan: Scan Count
# name 8 = density00: Density [density, kg/m^3]
# name 9 = cdomflTC0: CDOM, Turner Cyclops [ppb QS]
# name 10 = flag:  0.000e+00
# span 0 =      1.391,     11.568                 
# span 1 =    14.5786,    15.0299                 
# span 2 =  42.534073,  42.975191                 
# span 3 =    34.8936,    35.0793                 
# span 4 =     0.0578,     0.1762                 
# span 5 = 1.0158e+02, 1.2556e+03                 
# span 6 =     0.2987,     0.9020                 
# span 7 =          1,        552                 
# span 8 =  1025.9054,  1026.1710                 
# span 9 =     0.0423,     0.0582                 
# span 10 = 0.0000e+00, 0.0000e+00                
# interval = seconds: 0.5
# start_time = Jul 05 2024 08:40:35 [NMEA time, first data scan]
# bad_flag = -9.990e-29
*END*
[from data line 525]
      1.986    14.8971  42.734869    34.9247     0.0618 8.2201e+02     0.3138        526  1025.9452     0.0487  0.000e+00
      1.974    14.8974  42.733520    34.9232     0.0626 9.0780e+02     0.3140        527  1025.9440     0.0489  0.000e+00
      1.967    14.8969  42.731631    34.9219     0.0625 8.4041e+02     0.3140        528  1025.9430     0.0501  0.000e+00
      1.961    14.8966  42.731901    34.9224     0.0615 8.6909e+02     0.3200        529  1025.9435     0.0491  0.000e+00
      1.967    14.8969  42.733655    34.9238     0.0615 8.2519e+02     0.3206        530  1025.9445     0.0492  0.000e+00
      1.999    14.8980  42.734397    34.9234     0.0628 7.7666e+02     0.3178        531  1025.9441     0.0502  0.000e+00
      2.017    14.8991  42.733925    34.9220     0.0628 7.8503e+02     0.3175        532  1025.9429     0.0495  0.000e+00
      2.017    14.8988  42.735881    34.9241     0.0631 8.2606e+02     0.3142        533  1025.9445     0.0494  0.000e+00
      2.005    14.8992  42.734667    34.9226     0.0627 8.3820e+02     0.3145        534  1025.9433     0.0500  0.000e+00
      1.993    14.8989  42.733317    34.9216     0.0638 8.6088e+02     0.3189        535  1025.9425     0.0478  0.000e+00
      1.992    14.8987  42.733520    34.9220     0.0639 8.3233e+02     0.3186        536  1025.9428     0.0476  0.000e+00
      1.986    14.8986  42.733385    34.9219     0.0618 8.0528e+02     0.3150        537  1025.9428     0.0499  0.000e+00
      1.986    14.8987  42.732508    34.9211     0.0615 8.4797e+02     0.3150        538  1025.9421     0.0486  0.000e+00
      1.986    14.8985  42.731766    34.9206     0.0602 7.7912e+02     0.3164        539  1025.9418     0.0478  0.000e+00
      1.980    14.8987  42.732441    34.9210     0.0607 8.2461e+02     0.3162        540  1025.9420     0.0478  0.000e+00
      1.980    14.8979  42.733385    34.9226     0.0604 8.6559e+02     0.3119        541  1025.9434     0.0481  0.000e+00
      1.974    14.8969  42.734937    34.9249     0.0606 8.4189e+02     0.3114        542  1025.9455     0.0488  0.000e+00
      1.973    14.8965  42.732441    34.9230     0.0614 8.5201e+02     0.3129        543  1025.9440     0.0505  0.000e+00
      1.973    14.8962  42.732643    34.9234     0.0615 8.1855e+02     0.3130        544  1025.9444     0.0504  0.000e+00
      1.980    14.8963  42.733385    34.9240     0.0640 8.0316e+02     0.3175        545  1025.9449     0.0501  0.000e+00
      1.999    14.8969  42.733723    34.9238     0.0636 7.9181e+02     0.3172        546  1025.9446     0.0500  0.000e+00
      1.998    14.8975  42.736623    34.9259     0.0640 7.9684e+02     0.3165        547  1025.9462     0.0495  0.000e+00
      1.992    14.8989  42.735881    34.9240     0.0638 8.2490e+02     0.3165        548  1025.9444     0.0455  0.000e+00
      1.985    14.8995  42.735139    34.9228     0.0640 8.2737e+02     0.3130        549  1025.9433     0.0470  0.000e+00
      1.980    14.8993  42.734127    34.9221     0.0644 8.2432e+02     0.3128        550  1025.9427     0.0477  0.000e+00
      1.973    14.8989  42.732913    34.9212     0.0628 8.5591e+02     0.3153        551  1025.9421     0.0500  0.000e+00
      1.972    14.8989  42.732913    34.9213     0.0628 8.9120e+02     0.3154        552  1025.9422     0.0500  0.000e+00
